rank,name,iteration 0,
0,round.0.load,1048576,
0,round.0.load_balancing_time,2.29656196,
0,round.0.advection_time,57170.0273,
0,round.0.communication_time,35687.1133,
0,round.0.time,92859.4766,
0,round.1.load,0,
0,round.1.load_balancing_time,0.63705498,
0,round.1.advection_time,0.00770199997,
0,round.1.communication_time,112414.328,
0,round.1.time,112415.008,
0,round.2.load,0,
0,round.2.load_balancing_time,0.132149994,
0,round.2.advection_time,0.0135629997,
0,round.2.communication_time,57629.4766,
0,round.2.time,57629.6523,
0,round.3.load,0,
0,round.3.load_balancing_time,0.146776006,
0,round.3.advection_time,0.013266,
0,round.3.communication_time,668.281189,
0,round.3.time,668.455505,
0,round.4.load,0,
0,round.4.load_balancing_time,0.144367993,
0,round.4.advection_time,0.00228999997,
0,round.4.communication_time,118.96653,
0,round.4.time,119.117477,
0,round.5.load,0,
0,round.5.load_balancing_time,0.0390670002,
0,round.5.advection_time,0.00123199995,
0,round.5.communication_time,0.177911997,
0,round.5.time,0.220167994,
0,total_time,263692,
1,round.0.load,1048576,
1,round.0.load_balancing_time,2.58144999,
1,round.0.advection_time,50003.9805,
1,round.0.communication_time,42852.918,
1,round.0.time,92859.5078,
1,round.1.load,0,
1,round.1.load_balancing_time,44.1164551,
1,round.1.advection_time,6149.77979,
1,round.1.communication_time,106221.016,
1,round.1.time,112414.961,
1,round.2.load,0,
1,round.2.load_balancing_time,0.151137993,
1,round.2.advection_time,0.0616240017,
1,round.2.communication_time,57629.4023,
1,round.2.time,57629.6445,
1,round.3.load,0,
1,round.3.load_balancing_time,0.160234004,
1,round.3.advection_time,0.00893399958,
1,round.3.communication_time,668.243774,
1,round.3.time,668.435669,
1,round.4.load,0,
1,round.4.load_balancing_time,0.17159,
1,round.4.advection_time,0.00248500006,
1,round.4.communication_time,118.940125,
1,round.4.time,119.12352,
1,round.5.load,0,
1,round.5.load_balancing_time,0.0347019993,
1,round.5.advection_time,0.00131199998,
1,round.5.communication_time,0.177669004,
1,round.5.time,0.217733994,
1,total_time,263691.938,
2,round.0.load,1048576,
2,round.0.load_balancing_time,2.66210389,
2,round.0.advection_time,50062.2617,
2,round.0.communication_time,42794.543,
2,round.0.time,92859.5,
2,round.1.load,300247,
2,round.1.load_balancing_time,44.9122467,
2,round.1.advection_time,809.683472,
2,round.1.communication_time,111560.367,
2,round.1.time,112414.984,
2,round.2.load,0,
2,round.2.load_balancing_time,0.204912007,
2,round.2.advection_time,0.0206269994,
2,round.2.communication_time,57629.4609,
2,round.2.time,57629.7109,
2,round.3.load,0,
2,round.3.load_balancing_time,0.163297996,
2,round.3.advection_time,0.0145260002,
2,round.3.communication_time,668.276062,
2,round.3.time,668.489746,
2,round.4.load,0,
2,round.4.load_balancing_time,0.0910729989,
2,round.4.advection_time,0.0129129998,
2,round.4.communication_time,118.924545,
2,round.4.time,119.037216,
2,round.5.load,0,
2,round.5.load_balancing_time,0.0376089998,
2,round.5.advection_time,0.00133799994,
2,round.5.communication_time,0.179221004,
2,round.5.time,0.220165998,
2,total_time,263692.031,
3,round.0.load,1048576,
3,round.0.load_balancing_time,2.57450795,
3,round.0.advection_time,51219.7148,
3,round.0.communication_time,41637.1914,
3,round.0.time,92859.5078,
3,round.1.load,0,
3,round.1.load_balancing_time,40.1916351,
3,round.1.advection_time,4157.19385,
3,round.1.communication_time,108217.602,
3,round.1.time,112415.008,
3,round.2.load,0,
3,round.2.load_balancing_time,0.175750002,
3,round.2.advection_time,0.0140699996,
3,round.2.communication_time,57629.5117,
3,round.2.time,57629.7305,
3,round.3.load,0,
3,round.3.load_balancing_time,0.127378002,
3,round.3.advection_time,0.00851699989,
3,round.3.communication_time,668.237549,
3,round.3.time,668.391357,
3,round.4.load,0,
3,round.4.load_balancing_time,0.162986994,
3,round.4.advection_time,0.00219999999,
3,round.4.communication_time,118.94857,
3,round.4.time,119.117897,
3,round.5.load,0,
3,round.5.load_balancing_time,0.0352879986,
3,round.5.advection_time,0.00107899995,
3,round.5.communication_time,0.182225004,
3,round.5.time,0.220231995,
3,total_time,263692.031,
4,round.0.load,1048576,
4,round.0.load_balancing_time,3.30107689,
4,round.0.advection_time,48928.2773,
4,round.0.communication_time,43927.8789,
4,round.0.time,92859.4922,
4,round.1.load,0,
4,round.1.load_balancing_time,41.9265671,
4,round.1.advection_time,4074.34351,
4,round.1.communication_time,108298.703,
4,round.1.time,112415,
4,round.2.load,0,
4,round.2.load_balancing_time,0.233316004,
4,round.2.advection_time,0.0300970003,
4,round.2.communication_time,57629.4375,
4,round.2.time,57629.7305,
4,round.3.load,0,
4,round.3.load_balancing_time,0.150358006,
4,round.3.advection_time,0.0130810002,
4,round.3.communication_time,668.249268,
4,round.3.time,668.426819,
4,round.4.load,0,
4,round.4.load_balancing_time,0.143521994,
4,round.4.advection_time,0.00432599988,
4,round.4.communication_time,118.963463,
4,round.4.time,119.116455,
4,round.5.load,0,
4,round.5.load_balancing_time,0.0375950001,
4,round.5.advection_time,0.00133500004,
4,round.5.communication_time,0.179970995,
4,round.5.time,0.220541999,
4,total_time,263692.031,
5,round.0.load,1048576,
5,round.0.load_balancing_time,70.5665131,
5,round.0.advection_time,41978.6289,
5,round.0.communication_time,50810.2852,
5,round.0.time,92859.5078,
5,round.1.load,0,
5,round.1.load_balancing_time,66.5673294,
5,round.1.advection_time,13140.0752,
5,round.1.communication_time,99208.375,
5,round.1.time,112415.055,
5,round.2.load,0,
5,round.2.load_balancing_time,0.27452001,
5,round.2.advection_time,5.7965188,
5,round.2.communication_time,57623.543,
5,round.2.time,57629.6445,
5,round.3.load,0,
5,round.3.load_balancing_time,0.146985993,
5,round.3.advection_time,0.0249990001,
5,round.3.communication_time,668.222839,
5,round.3.time,668.443909,
5,round.4.load,0,
5,round.4.load_balancing_time,0.0984449983,
5,round.4.advection_time,0.0157009996,
5,round.4.communication_time,118.929405,
5,round.4.time,119.052811,
5,round.5.load,0,
5,round.5.load_balancing_time,0.0371569991,
5,round.5.advection_time,0.001422,
5,round.5.communication_time,0.175818995,
5,round.5.time,0.216984004,
5,total_time,263692.031,
6,round.0.load,1048576,
6,round.0.load_balancing_time,70.4665451,
6,round.0.advection_time,42245.5938,
6,round.0.communication_time,50543.3125,
6,round.0.time,92859.3984,
6,round.1.load,401521,
6,round.1.load_balancing_time,96.6226654,
6,round.1.advection_time,8077.31104,
6,round.1.communication_time,104241.039,
6,round.1.time,112415.008,
6,round.2.load,0,
6,round.2.load_balancing_time,25.1639366,
6,round.2.advection_time,2570.67773,
6,round.2.communication_time,55033.7852,
6,round.2.time,57629.6875,
6,round.3.load,0,
6,round.3.load_balancing_time,0.169554994,
6,round.3.advection_time,0.0599820018,
6,round.3.communication_time,668.179077,
6,round.3.time,668.430481,
6,round.4.load,0,
6,round.4.load_balancing_time,0.163057998,
6,round.4.advection_time,0.0025510001,
6,round.4.communication_time,118.923515,
6,round.4.time,119.093521,
6,round.5.load,0,
6,round.5.load_balancing_time,0.0439530015,
6,round.5.advection_time,0.00154700002,
6,round.5.communication_time,0.172731996,
6,round.5.time,0.220052004,
6,total_time,263691.938,
7,round.0.load,1048576,
7,round.0.load_balancing_time,2.46415305,
7,round.0.advection_time,50083.8906,
7,round.0.communication_time,42773.1289,
7,round.0.time,92859.5078,
7,round.1.load,0,
7,round.1.load_balancing_time,56.6433182,
7,round.1.advection_time,9697.03027,
7,round.1.communication_time,102661.344,
7,round.1.time,112415.055,
7,round.2.load,0,
7,round.2.load_balancing_time,0.131059006,
7,round.2.advection_time,0.108659998,
7,round.2.communication_time,57629.3945,
7,round.2.time,57629.6602,
7,round.3.load,0,
7,round.3.load_balancing_time,0.136379004,
7,round.3.advection_time,0.0134899998,
7,round.3.communication_time,668.206055,
7,round.3.time,668.375854,
7,round.4.load,0,
7,round.4.load_balancing_time,0.162054002,
7,round.4.advection_time,0.00337100006,
7,round.4.communication_time,118.946976,
7,round.4.time,119.116783,
7,round.5.load,0,
7,round.5.load_balancing_time,0.0440419987,
7,round.5.advection_time,0.00120199996,
7,round.5.communication_time,0.173170999,
7,round.5.time,0.220235005,
7,total_time,263692.031,
8,round.0.load,1048576,
8,round.0.load_balancing_time,3.3447051,
8,round.0.advection_time,49311.2266,
8,round.0.communication_time,43544.9492,
8,round.0.time,92859.5547,
8,round.1.load,300248,
8,round.1.load_balancing_time,43.299881,
8,round.1.advection_time,62.5986519,
8,round.1.communication_time,112309.086,
8,round.1.time,112415,
8,round.2.load,0,
8,round.2.load_balancing_time,0.199598998,
8,round.2.advection_time,0.0125890002,
8,round.2.communication_time,57629.4648,
8,round.2.time,57629.707,
8,round.3.load,0,
8,round.3.load_balancing_time,0.141581997,
8,round.3.advection_time,0.0144269997,
8,round.3.communication_time,668.25177,
8,round.3.time,668.424377,
8,round.4.load,0,
8,round.4.load_balancing_time,0.159654006,
8,round.4.advection_time,0.00349100004,
8,round.4.communication_time,118.946533,
8,round.4.time,119.115135,
8,round.5.load,0,
8,round.5.load_balancing_time,0.0400010012,
8,round.5.advection_time,0.00135499996,
8,round.5.communication_time,0.177166,
8,round.5.time,0.220386997,
8,total_time,263692.094,
9,round.0.load,1048576,
9,round.0.load_balancing_time,69.9814224,
9,round.0.advection_time,41985.4219,
9,round.0.communication_time,50804.043,
9,round.0.time,92859.4766,
9,round.1.load,401523,
9,round.1.load_balancing_time,92.5020981,
9,round.1.advection_time,7388.08105,
9,round.1.communication_time,104934.438,
9,round.1.time,112415.078,
9,round.2.load,0,
9,round.2.load_balancing_time,20.6475124,
9,round.2.advection_time,5.01829815,
9,round.2.communication_time,57603.9414,
9,round.2.time,57629.625,
9,round.3.load,0,
9,round.3.load_balancing_time,0.186187997,
9,round.3.advection_time,0.00807000045,
9,round.3.communication_time,668.240112,
9,round.3.time,668.440552,
9,round.4.load,0,
9,round.4.load_balancing_time,0.199521005,
9,round.4.advection_time,0.00260700006,
9,round.4.communication_time,118.918434,
9,round.4.time,119.122818,
9,round.5.load,0,
9,round.5.load_balancing_time,0.0442069992,
9,round.5.advection_time,0.00138799998,
9,round.5.communication_time,0.172961995,
9,round.5.time,0.220273003,
9,total_time,263692.031,
10,round.0.load,1048576,
10,round.0.load_balancing_time,71.0832443,
10,round.0.advection_time,42327.9766,
10,round.0.communication_time,50460.4727,
10,round.0.time,92859.5625,
10,round.1.load,803025,
10,round.1.load_balancing_time,139.085999,
10,round.1.advection_time,4575.58838,
10,round.1.communication_time,107700.281,
10,round.1.time,112415,
10,round.2.load,208092,
10,round.2.load_balancing_time,48.3733597,
10,round.2.advection_time,3712.98633,
10,round.2.communication_time,53868.2891,
10,round.2.time,57629.6914,
10,round.3.load,0,
10,round.3.load_balancing_time,0.139932007,
10,round.3.advection_time,0.0472190008,
10,round.3.communication_time,668.239014,
10,round.3.time,668.471313,
10,round.4.load,0,
10,round.4.load_balancing_time,0.108267002,
10,round.4.advection_time,0.0118070003,
10,round.4.communication_time,118.897537,
10,round.4.time,119.027069,
10,round.5.load,0,
10,round.5.load_balancing_time,0.0389069989,
10,round.5.advection_time,0.00156999996,
10,round.5.communication_time,0.170178995,
10,round.5.time,0.213532001,
10,total_time,263692.062,
11,round.0.load,1048576,
11,round.0.load_balancing_time,2.72682905,
11,round.0.advection_time,48976.5625,
11,round.0.communication_time,43880.1953,
11,round.0.time,92859.5156,
11,round.1.load,295421,
11,round.1.load_balancing_time,91.2639618,
11,round.1.advection_time,5380.34082,
11,round.1.communication_time,106943.391,
11,round.1.time,112415.016,
11,round.2.load,0,
11,round.2.load_balancing_time,20.7282524,
11,round.2.advection_time,0.0124040004,
11,round.2.communication_time,57608.9648,
11,round.2.time,57629.7148,
11,round.3.load,0,
11,round.3.load_balancing_time,0.160046995,
11,round.3.advection_time,0.00374200009,
11,round.3.communication_time,668.247559,
11,round.3.time,668.41626,
11,round.4.load,0,
11,round.4.load_balancing_time,0.195088997,
11,round.4.advection_time,0.00379800005,
11,round.4.communication_time,118.921806,
11,round.4.time,119.122925,
11,round.5.load,0,
11,round.5.load_balancing_time,0.0441729985,
11,round.5.advection_time,0.00124699995,
11,round.5.communication_time,0.172831997,
11,round.5.time,0.219953001,
11,total_time,263692.031,
12,round.0.load,1048576,
12,round.0.load_balancing_time,3.29444504,
12,round.0.advection_time,51166.5469,
12,round.0.communication_time,41689.6172,
12,round.0.time,92859.4844,
12,round.1.load,0,
12,round.1.load_balancing_time,40.1228638,
12,round.1.advection_time,6082.37598,
12,round.1.communication_time,106292.469,
12,round.1.time,112415,
12,round.2.load,0,
12,round.2.load_balancing_time,0.196061,
12,round.2.advection_time,0.0120059997,
12,round.2.communication_time,57629.5,
12,round.2.time,57629.7422,
12,round.3.load,0,
12,round.3.load_balancing_time,0.157771006,
12,round.3.advection_time,0.0110259997,
12,round.3.communication_time,668.226196,
12,round.3.time,668.404297,
12,round.4.load,0,
12,round.4.load_balancing_time,0.144292995,
12,round.4.advection_time,0.00362799992,
12,round.4.communication_time,118.963638,
12,round.4.time,119.116943,
12,round.5.load,0,
12,round.5.load_balancing_time,0.0322169997,
12,round.5.advection_time,0.00110700005,
12,round.5.communication_time,0.181806996,
12,round.5.time,0.217081994,
12,total_time,263692.031,
13,round.0.load,1048576,
13,round.0.load_balancing_time,2.33460212,
13,round.0.advection_time,49053.2852,
13,round.0.communication_time,43803.8945,
13,round.0.time,92859.5547,
13,round.1.load,0,
13,round.1.load_balancing_time,59.6130371,
13,round.1.advection_time,10627.9893,
13,round.1.communication_time,101727.359,
13,round.1.time,112415.016,
13,round.2.load,0,
13,round.2.load_balancing_time,0.115682997,
13,round.2.advection_time,0.0910630003,
13,round.2.communication_time,57629.4062,
13,round.2.time,57629.6484,
13,round.3.load,0,
13,round.3.load_balancing_time,0.143114001,
13,round.3.advection_time,0.0114780003,
13,round.3.communication_time,668.211914,
13,round.3.time,668.387512,
13,round.4.load,0,
13,round.4.load_balancing_time,0.154792994,
13,round.4.advection_time,0.00235600001,
13,round.4.communication_time,118.950226,
13,round.4.time,119.110786,
13,round.5.load,0,
13,round.5.load_balancing_time,0.0343229994,
13,round.5.advection_time,0.00126100006,
13,round.5.communication_time,0.179956004,
13,round.5.time,0.218358994,
13,total_time,263692.031,
14,round.0.load,1048576,
14,round.0.load_balancing_time,2.68167591,
14,round.0.advection_time,49061.8281,
14,round.0.communication_time,43794.9531,
14,round.0.time,92859.4922,
14,round.1.load,292294,
14,round.1.load_balancing_time,95.105629,
14,round.1.advection_time,6519.84424,
14,round.1.communication_time,105800,
14,round.1.time,112414.969,
14,round.2.load,0,
14,round.2.load_balancing_time,25.0543671,
14,round.2.advection_time,2586.31396,
14,round.2.communication_time,55018.2852,
14,round.2.time,57629.668,
14,round.3.load,0,
14,round.3.load_balancing_time,0.188057005,
14,round.3.advection_time,0.00892900024,
14,round.3.communication_time,668.270508,
14,round.3.time,668.473816,
14,round.4.load,0,
14,round.4.load_balancing_time,0.160739005,
14,round.4.advection_time,0.00227700011,
14,round.4.communication_time,118.931976,
14,round.4.time,119.097214,
14,round.5.load,0,
14,round.5.load_balancing_time,0.0407389998,
14,round.5.advection_time,0.00118400005,
14,round.5.communication_time,0.176318005,
14,round.5.time,0.219969004,
14,total_time,263691.969,
15,round.0.load,1048576,
15,round.0.load_balancing_time,2.3972919,
15,round.0.advection_time,50188.6484,
15,round.0.communication_time,42668.4062,
15,round.0.time,92859.4766,
15,round.1.load,0,
15,round.1.load_balancing_time,43.2650146,
15,round.1.advection_time,9979.51562,
15,round.1.communication_time,102392.203,
15,round.1.time,112415,
15,round.2.load,0,
15,round.2.load_balancing_time,0.166914999,
15,round.2.advection_time,0.0121069998,
15,round.2.communication_time,57629.5156,
15,round.2.time,57629.7031,
15,round.3.load,0,
15,round.3.load_balancing_time,0.113200001,
15,round.3.advection_time,0.00339900004,
15,round.3.communication_time,668.268188,
15,round.3.time,668.389709,
15,round.4.load,0,
15,round.4.load_balancing_time,0.163366005,
15,round.4.advection_time,0.00263400003,
15,round.4.communication_time,118.95388,
15,round.4.time,119.122047,
15,round.5.load,0,
15,round.5.load_balancing_time,0.033241,
15,round.5.advection_time,0.00110800005,
15,round.5.communication_time,0.183814004,
15,round.5.time,0.219915003,
15,total_time,263691.938,
16,round.0.load,1048576,
16,round.0.load_balancing_time,2.8625741,
16,round.0.advection_time,54961.4375,
16,round.0.communication_time,37895.1641,
16,round.0.time,92859.4922,
16,round.1.load,0,
16,round.1.load_balancing_time,0.721122026,
16,round.1.advection_time,7.89776087,
16,round.1.communication_time,112406.43,
16,round.1.time,112415.055,
16,round.2.load,0,
16,round.2.load_balancing_time,0.226216003,
16,round.2.advection_time,0.0455599986,
16,round.2.communication_time,57629.3906,
16,round.2.time,57629.668,
16,round.3.load,0,
16,round.3.load_balancing_time,0.205439001,
16,round.3.advection_time,0.00542399986,
16,round.3.communication_time,668.270325,
16,round.3.time,668.486389,
16,round.4.load,0,
16,round.4.load_balancing_time,0.056175001,
16,round.4.advection_time,0.00223700004,
16,round.4.communication_time,119.063889,
16,round.4.time,119.124939,
16,round.5.load,0,
16,round.5.load_balancing_time,0.0325240009,
16,round.5.advection_time,0.00136700005,
16,round.5.communication_time,0.183046997,
16,round.5.time,0.218787998,
16,total_time,263692.094,
17,round.0.load,1048576,
17,round.0.load_balancing_time,71.0826263,
17,round.0.advection_time,53770.125,
17,round.0.communication_time,39018.2422,
17,round.0.time,92859.4844,
17,round.1.load,19,
17,round.1.load_balancing_time,51.9218559,
17,round.1.advection_time,5931.4126,
17,round.1.communication_time,106431.656,
17,round.1.time,112415.016,
17,round.2.load,0,
17,round.2.load_balancing_time,0.338064998,
17,round.2.advection_time,0.133274004,
17,round.2.communication_time,57629.1914,
17,round.2.time,57629.6719,
17,round.3.load,0,
17,round.3.load_balancing_time,0.197639003,
17,round.3.advection_time,0.00464199996,
17,round.3.communication_time,668.225647,
17,round.3.time,668.437744,
17,round.4.load,0,
17,round.4.load_balancing_time,0.160916999,
17,round.4.advection_time,0.00256499997,
17,round.4.communication_time,118.957489,
17,round.4.time,119.123062,
17,round.5.load,0,
17,round.5.load_balancing_time,0.040736001,
17,round.5.advection_time,0.00161399995,
17,round.5.communication_time,0.176357999,
17,round.5.time,0.220414996,
17,total_time,263692,
18,round.0.load,1048576,
18,round.0.load_balancing_time,71.0065765,
18,round.0.advection_time,54314.332,
18,round.0.communication_time,38474.1328,
18,round.0.time,92859.5078,
18,round.1.load,374662,
18,round.1.load_balancing_time,58.4525681,
18,round.1.advection_time,158.739685,
18,round.1.communication_time,112197.82,
18,round.1.time,112415.047,
18,round.2.load,0,
18,round.2.load_balancing_time,0.453722,
18,round.2.advection_time,0.0504529998,
18,round.2.communication_time,57629.1523,
18,round.2.time,57629.6719,
18,round.3.load,0,
18,round.3.load_balancing_time,0.204097003,
18,round.3.advection_time,0.00445900019,
18,round.3.communication_time,668.246094,
18,round.3.time,668.45929,
18,round.4.load,0,
18,round.4.load_balancing_time,0.143693,
18,round.4.advection_time,0.00285000005,
18,round.4.communication_time,118.944305,
18,round.4.time,119.093063,
18,round.5.load,0,
18,round.5.load_balancing_time,0.039836999,
18,round.5.advection_time,0.00157900003,
18,round.5.communication_time,0.176873997,
18,round.5.time,0.220138997,
18,total_time,263692.062,
19,round.0.load,1048576,
19,round.0.load_balancing_time,3.0580399,
19,round.0.advection_time,54138.0703,
19,round.0.communication_time,38718.3516,
19,round.0.time,92859.5078,
19,round.1.load,0,
19,round.1.load_balancing_time,50.9081383,
19,round.1.advection_time,8006.70801,
19,round.1.communication_time,104357.492,
19,round.1.time,112415.156,
19,round.2.load,0,
19,round.2.load_balancing_time,0.123452,
19,round.2.advection_time,0.0708189979,
19,round.2.communication_time,57629.4805,
19,round.2.time,57629.6992,
19,round.3.load,0,
19,round.3.load_balancing_time,0.128195003,
19,round.3.advection_time,0.0120660001,
19,round.3.communication_time,668.240845,
19,round.3.time,668.42218,
19,round.4.load,0,
19,round.4.load_balancing_time,0.0883480012,
19,round.4.advection_time,0.00996899977,
19,round.4.communication_time,118.942467,
19,round.4.time,119.05011,
19,round.5.load,0,
19,round.5.load_balancing_time,0.0405390002,
19,round.5.advection_time,0.00138499995,
19,round.5.communication_time,0.169489995,
19,round.5.time,0.214662999,
19,total_time,263692.188,
20,round.0.load,1048576,
20,round.0.load_balancing_time,70.565239,
20,round.0.advection_time,53535.8555,
20,round.0.communication_time,39253.0352,
20,round.0.time,92859.4922,
20,round.1.load,1709,
20,round.1.load_balancing_time,65.1745758,
20,round.1.advection_time,8023.74902,
20,round.1.communication_time,104326.055,
20,round.1.time,112415.008,
20,round.2.load,11,
20,round.2.load_balancing_time,7.30106592,
20,round.2.advection_time,4.92953682,
20,round.2.communication_time,57617.4062,
20,round.2.time,57629.6562,
20,round.3.load,0,
20,round.3.load_balancing_time,0.326034009,
20,round.3.advection_time,1.21369398,
20,round.3.communication_time,666.885254,
20,round.3.time,668.429626,
20,round.4.load,0,
20,round.4.load_balancing_time,0.137967005,
20,round.4.advection_time,0.0588140003,
20,round.4.communication_time,118.92308,
20,round.4.time,119.122238,
20,round.5.load,0,
20,round.5.load_balancing_time,0.0373549983,
20,round.5.advection_time,0.00163499999,
20,round.5.communication_time,0.179532006,
20,round.5.time,0.220388994,
20,total_time,263691.969,
21,round.0.load,1048576,
21,round.0.load_balancing_time,78.0976944,
21,round.0.advection_time,36254.5703,
21,round.0.communication_time,56526.7773,
21,round.0.time,92859.4766,
21,round.1.load,81828,
21,round.1.load_balancing_time,77.8529587,
21,round.1.advection_time,12929.501,
21,round.1.communication_time,99407.6797,
21,round.1.time,112415.078,
21,round.2.load,508,
21,round.2.load_balancing_time,0.967881024,
21,round.2.advection_time,130.534317,
21,round.2.communication_time,57498.1406,
21,round.2.time,57629.6719,
21,round.3.load,1,
21,round.3.load_balancing_time,1.17929995,
21,round.3.advection_time,71.9168243,
21,round.3.communication_time,595.272217,
21,round.3.time,668.387878,
21,round.4.load,0,
21,round.4.load_balancing_time,0.132432997,
21,round.4.advection_time,0.187552005,
21,round.4.communication_time,118.780006,
21,round.4.time,119.102844,
21,round.5.load,0,
21,round.5.load_balancing_time,0.0431730002,
21,round.5.advection_time,0.00274699996,
21,round.5.communication_time,0.172345996,
21,round.5.time,0.220211998,
21,total_time,263692.031,
22,round.0.load,1048576,
22,round.0.load_balancing_time,77.8658447,
22,round.0.advection_time,32885.2773,
22,round.0.communication_time,59896.3164,
22,round.0.time,92859.4922,
22,round.1.load,595585,
22,round.1.load_balancing_time,126.001877,
22,round.1.advection_time,7243.27881,
22,round.1.communication_time,105045.703,
22,round.1.time,112415.031,
22,round.2.load,1414,
22,round.2.load_balancing_time,42.1904449,
22,round.2.advection_time,1989.61365,
22,round.2.communication_time,55597.8203,
22,round.2.time,57629.6641,
22,round.3.load,0,
22,round.3.load_balancing_time,0.151425004,
22,round.3.advection_time,0.440349013,
22,round.3.communication_time,667.790527,
22,round.3.time,668.40863,
22,round.4.load,0,
22,round.4.load_balancing_time,0.129146993,
22,round.4.advection_time,0.0063430001,
22,round.4.communication_time,118.93869,
22,round.4.time,119.077644,
22,round.5.load,0,
22,round.5.load_balancing_time,0.0446880013,
22,round.5.advection_time,0.00239200005,
22,round.5.communication_time,0.171014994,
22,round.5.time,0.220084995,
22,total_time,263691.969,
23,round.0.load,1048576,
23,round.0.load_balancing_time,70.4966354,
23,round.0.advection_time,52415.5859,
23,round.0.communication_time,40373.3984,
23,round.0.time,92859.5078,
23,round.1.load,0,
23,round.1.load_balancing_time,69.9694672,
23,round.1.advection_time,18255.4824,
23,round.1.communication_time,94089.5547,
23,round.1.time,112415.047,
23,round.2.load,0,
23,round.2.load_balancing_time,0.427291006,
23,round.2.advection_time,3.13053608,
23,round.2.communication_time,57626.043,
23,round.2.time,57629.6289,
23,round.3.load,0,
23,round.3.load_balancing_time,0.129988998,
23,round.3.advection_time,0.0192060005,
23,round.3.communication_time,668.19519,
23,round.3.time,668.385925,
23,round.4.load,0,
23,round.4.load_balancing_time,0.130474001,
23,round.4.advection_time,0.00874000043,
23,round.4.communication_time,118.949089,
23,round.4.time,119.097137,
23,round.5.load,0,
23,round.5.load_balancing_time,0.0428260006,
23,round.5.advection_time,0.00268799998,
23,round.5.communication_time,0.165482998,
23,round.5.time,0.216345996,
23,total_time,263691.969,
24,round.0.load,1048576,
24,round.0.load_balancing_time,70.5833282,
24,round.0.advection_time,54501.6602,
24,round.0.communication_time,38287.2422,
24,round.0.time,92859.5078,
24,round.1.load,375134,
24,round.1.load_balancing_time,70.0689468,
24,round.1.advection_time,7156.48291,
24,round.1.communication_time,105188.422,
24,round.1.time,112415.016,
24,round.2.load,0,
24,round.2.load_balancing_time,0.823167026,
24,round.2.advection_time,36.9130554,
24,round.2.communication_time,57591.8867,
24,round.2.time,57629.6562,
24,round.3.load,0,
24,round.3.load_balancing_time,0.202995002,
24,round.3.advection_time,0.89615202,
24,round.3.communication_time,667.320496,
24,round.3.time,668.43335,
24,round.4.load,0,
24,round.4.load_balancing_time,0.155263007,
24,round.4.advection_time,0.00286999997,
24,round.4.communication_time,118.957993,
24,round.4.time,119.120712,
24,round.5.load,0,
24,round.5.load_balancing_time,0.0407279991,
24,round.5.advection_time,0.00168900006,
24,round.5.communication_time,0.175218001,
24,round.5.time,0.219731003,
24,total_time,263692,
25,round.0.load,1048576,
25,round.0.load_balancing_time,77.499176,
25,round.0.advection_time,38845.4141,
25,round.0.communication_time,53936.5625,
25,round.0.time,92859.5078,
25,round.1.load,596083,
25,round.1.load_balancing_time,142.96022,
25,round.1.advection_time,12182.9053,
25,round.1.communication_time,100089.141,
25,round.1.time,112415.047,
25,round.2.load,1482,
25,round.2.load_balancing_time,47.6201859,
25,round.2.advection_time,3746.25049,
25,round.2.communication_time,53835.7539,
25,round.2.time,57629.6445,
25,round.3.load,0,
25,round.3.load_balancing_time,0.183748007,
25,round.3.advection_time,0.392910004,
25,round.3.communication_time,667.839172,
25,round.3.time,668.421875,
25,round.4.load,0,
25,round.4.load_balancing_time,0.169170007,
25,round.4.advection_time,0.00391499978,
25,round.4.communication_time,118.946877,
25,round.4.time,119.122231,
25,round.5.load,0,
25,round.5.load_balancing_time,0.0391819999,
25,round.5.advection_time,0.00205000001,
25,round.5.communication_time,0.177020997,
25,round.5.time,0.219988003,
25,total_time,263692,
26,round.0.load,1048576,
26,round.0.load_balancing_time,78.5447388,
26,round.0.advection_time,33343.125,
26,round.0.communication_time,59437.8125,
26,round.0.time,92859.5156,
26,round.1.load,1188027,
26,round.1.load_balancing_time,189.666077,
26,round.1.advection_time,10431.502,
26,round.1.communication_time,101793.734,
26,round.1.time,112414.938,
26,round.2.load,449556,
26,round.2.load_balancing_time,84.2041168,
26,round.2.advection_time,10157.3984,
26,round.2.communication_time,47388.0859,
26,round.2.time,57629.707,
26,round.3.load,0,
26,round.3.load_balancing_time,0.202372,
26,round.3.advection_time,0.0174889993,
26,round.3.communication_time,668.258179,
26,round.3.time,668.483215,
26,round.4.load,0,
26,round.4.load_balancing_time,0.152740002,
26,round.4.advection_time,0.00351800001,
26,round.4.communication_time,118.920189,
26,round.4.time,119.078613,
26,round.5.load,0,
26,round.5.load_balancing_time,0.0430030003,
26,round.5.advection_time,0.00208500004,
26,round.5.communication_time,0.173004001,
26,round.5.time,0.219849005,
26,total_time,263692,
27,round.0.load,1048576,
27,round.0.load_balancing_time,71.102562,
27,round.0.advection_time,52515.5977,
27,round.0.communication_time,40272.7617,
27,round.0.time,92859.4844,
27,round.1.load,366264,
27,round.1.load_balancing_time,143.160538,
27,round.1.advection_time,12366.3584,
27,round.1.communication_time,99905.4531,
27,round.1.time,112414.984,
27,round.2.load,0,
27,round.2.load_balancing_time,42.2507935,
27,round.2.advection_time,0.0208860002,
27,round.2.communication_time,57587.4219,
27,round.2.time,57629.6953,
27,round.3.load,0,
27,round.3.load_balancing_time,0.183831006,
27,round.3.advection_time,0.00265899999,
27,round.3.communication_time,668.240723,
27,round.3.time,668.431213,
27,round.4.load,0,
27,round.4.load_balancing_time,0.172618002,
27,round.4.advection_time,0.00194300001,
27,round.4.communication_time,118.947075,
27,round.4.time,119.123459,
27,round.5.load,0,
27,round.5.load_balancing_time,0.0373359993,
27,round.5.advection_time,0.00134900003,
27,round.5.communication_time,0.179464996,
27,round.5.time,0.219889,
27,total_time,263691.969,
28,round.0.load,1048576,
28,round.0.load_balancing_time,2.66168094,
28,round.0.advection_time,54260.8594,
28,round.0.communication_time,38595.8984,
28,round.0.time,92859.4531,
28,round.1.load,0,
28,round.1.load_balancing_time,49.3884392,
28,round.1.advection_time,5795.5459,
28,round.1.communication_time,106570.008,
28,round.1.time,112414.969,
28,round.2.load,0,
28,round.2.load_balancing_time,0.23793,
28,round.2.advection_time,0.0169910006,
28,round.2.communication_time,57629.4766,
28,round.2.time,57629.7539,
28,round.3.load,0,
28,round.3.load_balancing_time,0.177902997,
28,round.3.advection_time,0.0120879998,
28,round.3.communication_time,668.236267,
28,round.3.time,668.46405,
28,round.4.load,0,
28,round.4.load_balancing_time,0.0880379975,
28,round.4.advection_time,0.0154309999,
28,round.4.communication_time,118.93821,
28,round.4.time,119.05201,
28,round.5.load,0,
28,round.5.load_balancing_time,0.0314729996,
28,round.5.advection_time,0.00135499996,
28,round.5.communication_time,0.177301005,
28,round.5.time,0.213828996,
28,total_time,263691.969,
29,round.0.load,1048576,
29,round.0.load_balancing_time,71.0081482,
29,round.0.advection_time,52834.9883,
29,round.0.communication_time,39953.5039,
29,round.0.time,92859.5312,
29,round.1.load,0,
29,round.1.load_balancing_time,85.6487579,
29,round.1.advection_time,15507.5361,
29,round.1.communication_time,96821.7969,
29,round.1.time,112415.031,
29,round.2.load,0,
29,round.2.load_balancing_time,0.348623008,
29,round.2.advection_time,9.48250675,
29,round.2.communication_time,57619.7461,
29,round.2.time,57629.6094,
29,round.3.load,0,
29,round.3.load_balancing_time,0.120104,
29,round.3.advection_time,0.0329979993,
29,round.3.communication_time,668.179626,
29,round.3.time,668.363647,
29,round.4.load,0,
29,round.4.load_balancing_time,0.145778,
29,round.4.advection_time,0.00244299998,
29,round.4.communication_time,118.958611,
29,round.4.time,119.109955,
29,round.5.load,0,
29,round.5.load_balancing_time,0.0357920006,
29,round.5.advection_time,0.001513,
29,round.5.communication_time,0.179190993,
29,round.5.time,0.218369007,
29,total_time,263691.969,
30,round.0.load,1048576,
30,round.0.load_balancing_time,71.0913086,
30,round.0.advection_time,55737.7578,
30,round.0.communication_time,37050.6094,
30,round.0.time,92859.4922,
30,round.1.load,361655,
30,round.1.load_balancing_time,151.689468,
30,round.1.advection_time,17155.5859,
30,round.1.communication_time,95107.6953,
30,round.1.time,112414.992,
30,round.2.load,0,
30,round.2.load_balancing_time,52.006855,
30,round.2.advection_time,7356.91992,
30,round.2.communication_time,50220.7266,
30,round.2.time,57629.668,
30,round.3.load,0,
30,round.3.load_balancing_time,0.211912006,
30,round.3.advection_time,0.00810599979,
30,round.3.communication_time,668.248596,
30,round.3.time,668.473572,
30,round.4.load,0,
30,round.4.load_balancing_time,0.143753007,
30,round.4.advection_time,0.00273300009,
30,round.4.communication_time,118.948082,
30,round.4.time,119.096703,
30,round.5.load,0,
30,round.5.load_balancing_time,0.0346679986,
30,round.5.advection_time,0.00150999997,
30,round.5.communication_time,0.181952,
30,round.5.time,0.219855994,
30,total_time,263692,
31,round.0.load,1048576,
31,round.0.load_balancing_time,2.52731299,
31,round.0.advection_time,52948.5195,
31,round.0.communication_time,39908.418,
31,round.0.time,92859.5,
31,round.1.load,0,
31,round.1.load_balancing_time,57.9545784,
31,round.1.advection_time,13167.5869,
31,round.1.communication_time,99189.375,
31,round.1.time,112414.961,
31,round.2.load,0,
31,round.2.load_balancing_time,0.093216002,
31,round.2.advection_time,0.0961970016,
31,round.2.communication_time,57629.3984,
31,round.2.time,57629.6016,
31,round.3.load,0,
31,round.3.load_balancing_time,0.106379002,
31,round.3.advection_time,0.00455600023,
31,round.3.communication_time,668.259705,
31,round.3.time,668.376038,
31,round.4.load,0,
31,round.4.load_balancing_time,0.0622610003,
31,round.4.advection_time,0.00239400007,
31,round.4.communication_time,119.054794,
31,round.4.time,119.121811,
31,round.5.load,0,
31,round.5.load_balancing_time,0.0277679991,
31,round.5.advection_time,0.00139700004,
31,round.5.communication_time,0.187918007,
31,round.5.time,0.218894005,
31,total_time,263691.844,
32,round.0.load,1048576,
32,round.0.load_balancing_time,71.0955811,
32,round.0.advection_time,58663.0781,
32,round.0.communication_time,34125.8789,
32,round.0.time,92860.0781,
32,round.1.load,0,
32,round.1.load_balancing_time,81.6460037,
32,round.1.advection_time,24535.8945,
32,round.1.communication_time,87796.8047,
32,round.1.time,112414.367,
32,round.2.load,0,
32,round.2.load_balancing_time,8.75727558,
32,round.2.advection_time,1519.43909,
32,round.2.communication_time,56101.4375,
32,round.2.time,57629.6484,
32,round.3.load,0,
32,round.3.load_balancing_time,0.384272993,
32,round.3.advection_time,22.6936722,
32,round.3.communication_time,645.403564,
32,round.3.time,668.487671,
32,round.4.load,0,
32,round.4.load_balancing_time,0.0826670006,
32,round.4.advection_time,0.0329990014,
32,round.4.communication_time,119.003891,
32,round.4.time,119.122185,
32,round.5.load,0,
32,round.5.load_balancing_time,0.0398610011,
32,round.5.advection_time,0.00160399999,
32,round.5.communication_time,0.177112997,
32,round.5.time,0.220473006,
32,total_time,263691.969,
33,round.0.load,1048576,
33,round.0.load_balancing_time,144.200592,
33,round.0.advection_time,34321.3594,
33,round.0.communication_time,58393.9453,
33,round.0.time,92859.5312,
33,round.1.load,6773,
33,round.1.load_balancing_time,53.9366722,
33,round.1.advection_time,8386.6709,
33,round.1.communication_time,103974.352,
33,round.1.time,112415,
33,round.2.load,138,
33,round.2.load_balancing_time,1.00715601,
33,round.2.advection_time,113.966164,
33,round.2.communication_time,57514.6406,
33,round.2.time,57629.6445,
33,round.3.load,0,
33,round.3.load_balancing_time,0.946992993,
33,round.3.advection_time,9.46392536,
33,round.3.communication_time,657.963623,
33,round.3.time,668.386597,
33,round.4.load,0,
33,round.4.load_balancing_time,0.0860209987,
33,round.4.advection_time,0.00527499989,
33,round.4.communication_time,119.02816,
33,round.4.time,119.121727,
33,round.5.load,0,
33,round.5.load_balancing_time,0.0381820016,
33,round.5.advection_time,0.00165400002,
33,round.5.communication_time,0.175532997,
33,round.5.time,0.219225004,
33,total_time,263692,
34,round.0.load,1048576,
34,round.0.load_balancing_time,143.278748,
34,round.0.advection_time,33803.6133,
34,round.0.communication_time,58912.5508,
34,round.0.time,92859.4766,
34,round.1.load,456837,
34,round.1.load_balancing_time,85.6605759,
34,round.1.advection_time,0.0158070009,
34,round.1.communication_time,112329.289,
34,round.1.time,112415,
34,round.2.load,0,
34,round.2.load_balancing_time,14.612359,
34,round.2.advection_time,0.378311992,
34,round.2.communication_time,57614.6406,
34,round.2.time,57629.6641,
34,round.3.load,0,
34,round.3.load_balancing_time,0.345546007,
34,round.3.advection_time,0.0966610014,
34,round.3.communication_time,667.981873,
34,round.3.time,668.445862,
34,round.4.load,0,
34,round.4.load_balancing_time,0.105428003,
34,round.4.advection_time,0.00816500001,
34,round.4.communication_time,118.95414,
34,round.4.time,119.070381,
34,round.5.load,0,
34,round.5.load_balancing_time,0.0373979993,
34,round.5.advection_time,0.00158799998,
34,round.5.communication_time,0.179263994,
34,round.5.time,0.220151007,
34,total_time,263691.938,
35,round.0.load,1048576,
35,round.0.load_balancing_time,71.004303,
35,round.0.advection_time,57045.7656,
35,round.0.communication_time,35742.668,
35,round.0.time,92859.4688,
35,round.1.load,0,
35,round.1.load_balancing_time,57.7457809,
35,round.1.advection_time,9297.47266,
35,round.1.communication_time,103059.734,
35,round.1.time,112414.969,
35,round.2.load,0,
35,round.2.load_balancing_time,0.201924995,
35,round.2.advection_time,0.0178980008,
35,round.2.communication_time,57629.4727,
35,round.2.time,57629.7148,
35,round.3.load,0,
35,round.3.load_balancing_time,0.149726003,
35,round.3.advection_time,0.00757999998,
35,round.3.communication_time,668.197693,
35,round.3.time,668.372498,
35,round.4.load,0,
35,round.4.load_balancing_time,0.147048995,
35,round.4.advection_time,0.00348299998,
35,round.4.communication_time,118.962868,
35,round.4.time,119.117783,
35,round.5.load,0,
35,round.5.load_balancing_time,0.0393319987,
35,round.5.advection_time,0.00125299999,
35,round.5.communication_time,0.177316993,
35,round.5.time,0.219604,
35,total_time,263691.938,
36,round.0.load,1048576,
36,round.0.load_balancing_time,111.623528,
36,round.0.advection_time,32191.166,
36,round.0.communication_time,60556.6797,
36,round.0.time,92859.5,
36,round.1.load,645055,
36,round.1.load_balancing_time,95.1026535,
36,round.1.advection_time,0.029228,
36,round.1.communication_time,112319.812,
36,round.1.time,112414.969,
36,round.2.load,72695,
36,round.2.load_balancing_time,10.0360765,
36,round.2.advection_time,0.0282559991,
36,round.2.communication_time,57619.5781,
36,round.2.time,57629.6641,
36,round.3.load,930,
36,round.3.load_balancing_time,4.49028397,
36,round.3.advection_time,0.446547002,
36,round.3.communication_time,663.48645,
36,round.3.time,668.43396,
36,round.4.load,3,
36,round.4.load_balancing_time,0.335581988,
36,round.4.advection_time,0.0629179999,
36,round.4.communication_time,118.721069,
36,round.4.time,119.12204,
36,round.5.load,0,
36,round.5.load_balancing_time,0.0410329998,
36,round.5.advection_time,0.00193799997,
36,round.5.communication_time,0.175264999,
36,round.5.time,0.220177993,
36,total_time,263691.969,
37,round.0.load,0,
37,round.0.load_balancing_time,166.097198,
37,round.0.advection_time,80765.7109,
37,round.0.communication_time,11927.6094,
37,round.0.time,92859.4609,
37,round.1.load,9903,
37,round.1.load_balancing_time,122.171875,
37,round.1.advection_time,54021.0234,
37,round.1.communication_time,58271.7617,
37,round.1.time,112414.977,
37,round.2.load,7299,
37,round.2.load_balancing_time,17.4698868,
37,round.2.advection_time,3982.23975,
37,round.2.communication_time,53629.9141,
37,round.2.time,57629.6367,
37,round.3.load,8628,
37,round.3.load_balancing_time,2.32237196,
37,round.3.advection_time,97.0475388,
37,round.3.communication_time,569.078796,
37,round.3.time,668.458984,
37,round.4.load,9,
37,round.4.load_balancing_time,1.001158,
37,round.4.advection_time,117.457466,
37,round.4.communication_time,0.641743004,
37,round.4.time,119.106293,
37,round.5.load,0,
37,round.5.load_balancing_time,0.0410990007,
37,round.5.advection_time,0.00545099983,
37,round.5.communication_time,0.167962998,
37,round.5.time,0.217380002,
37,total_time,263691.906,
38,round.0.load,0,
38,round.0.load_balancing_time,165.057312,
38,round.0.advection_time,76761.9062,
38,round.0.communication_time,15932.4131,
38,round.0.time,92859.4062,
38,round.1.load,833191,
38,round.1.load_balancing_time,176.226669,
38,round.1.advection_time,1074.20068,
38,round.1.communication_time,111164.516,
38,round.1.time,112414.969,
38,round.2.load,157157,
38,round.2.load_balancing_time,76.7910004,
38,round.2.advection_time,8.58929062,
38,round.2.communication_time,57544.2812,
38,round.2.time,57629.6758,
38,round.3.load,9,
38,round.3.load_balancing_time,5.32899809,
38,round.3.advection_time,660.187256,
38,round.3.communication_time,2.93887806,
38,round.3.time,668.467163,
38,round.4.load,0,
38,round.4.load_balancing_time,0.0645819977,
38,round.4.advection_time,0.00980999973,
38,round.4.communication_time,119.015671,
38,round.4.time,119.09301,
38,round.5.load,0,
38,round.5.load_balancing_time,0.0423239991,
38,round.5.advection_time,0.002232,
38,round.5.communication_time,0.173969001,
38,round.5.time,0.220354006,
38,total_time,263691.875,
39,round.0.load,1048576,
39,round.0.load_balancing_time,110.844292,
39,round.0.advection_time,32261.9141,
39,round.0.communication_time,60486.6562,
39,round.0.time,92859.4531,
39,round.1.load,1563,
39,round.1.load_balancing_time,97.9086609,
39,round.1.advection_time,37118.6836,
39,round.1.communication_time,75198.3906,
39,round.1.time,112415.031,
39,round.2.load,0,
39,round.2.load_balancing_time,15.2061062,
39,round.2.advection_time,131.691559,
39,round.2.communication_time,57482.7109,
39,round.2.time,57629.6445,
39,round.3.load,0,
39,round.3.load_balancing_time,0.127783,
39,round.3.advection_time,0.195354998,
39,round.3.communication_time,668.006653,
39,round.3.time,668.351624,
39,round.4.load,0,
39,round.4.load_balancing_time,0.129493997,
39,round.4.advection_time,0.0108390003,
39,round.4.communication_time,118.955994,
39,round.4.time,119.106216,
39,round.5.load,0,
39,round.5.load_balancing_time,0.0384240001,
39,round.5.advection_time,0.00149099994,
39,round.5.communication_time,0.170620993,
39,round.5.time,0.213597,
39,total_time,263691.906,
40,round.0.load,1048576,
40,round.0.load_balancing_time,144.470139,
40,round.0.advection_time,34483.582,
40,round.0.communication_time,58231.4531,
40,round.0.time,92859.5391,
40,round.1.load,484680,
40,round.1.load_balancing_time,98.2843475,
40,round.1.advection_time,19697.0566,
40,round.1.communication_time,92619.6406,
40,round.1.time,112415.008,
40,round.2.load,4281,
40,round.2.load_balancing_time,8.89161491,
40,round.2.advection_time,1610.94861,
40,round.2.communication_time,56009.8203,
40,round.2.time,57629.6797,
40,round.3.load,76,
40,round.3.load_balancing_time,2.28112411,
40,round.3.advection_time,183.929764,
40,round.3.communication_time,482.24234,
40,round.3.time,668.464355,
40,round.4.load,0,
40,round.4.load_balancing_time,0.135746002,
40,round.4.advection_time,0.0877859965,
40,round.4.communication_time,118.893188,
40,round.4.time,119.119385,
40,round.5.load,0,
40,round.5.load_balancing_time,0.0394599997,
40,round.5.advection_time,0.00174099999,
40,round.5.communication_time,0.177456006,
40,round.5.time,0.220486,
40,total_time,263692.094,
41,round.0.load,0,
41,round.0.load_balancing_time,166.782562,
41,round.0.advection_time,92339.6484,
41,round.0.communication_time,353.044098,
41,round.0.time,92859.5156,
41,round.1.load,855699,
41,round.1.load_balancing_time,202.150055,
41,round.1.advection_time,17392.6973,
41,round.1.communication_time,94820.1797,
41,round.1.time,112415.055,
41,round.2.load,35601,
41,round.2.load_balancing_time,88.2608261,
41,round.2.advection_time,11227.5332,
41,round.2.communication_time,46313.8164,
41,round.2.time,57629.6641,
41,round.3.load,35,
41,round.3.load_balancing_time,1.65231895,
41,round.3.advection_time,153.563126,
41,round.3.communication_time,513.196167,
41,round.3.time,668.429321,
41,round.4.load,0,
41,round.4.load_balancing_time,0.0934330001,
41,round.4.advection_time,0.172585994,
41,round.4.communication_time,118.849472,
41,round.4.time,119.118431,
41,round.5.load,0,
41,round.5.load_balancing_time,0.0395970009,
41,round.5.advection_time,0.00252299989,
41,round.5.communication_time,0.176184997,
41,round.5.time,0.220273003,
41,total_time,263692.062,
42,round.0.load,0,
42,round.0.load_balancing_time,166.278931,
42,round.0.advection_time,70205.2656,
42,round.0.communication_time,22487.9492,
42,round.0.time,92859.5234,
42,round.1.load,1669816,
42,round.1.load_balancing_time,233.545868,
42,round.1.advection_time,11281.749,
42,round.1.communication_time,100899.641,
42,round.1.time,112414.961,
42,round.2.load,742365,
42,round.2.load_balancing_time,112.794449,
42,round.2.advection_time,18486.6875,
42,round.2.communication_time,39030.1641,
42,round.2.time,57629.6719,
42,round.3.load,0,
42,round.3.load_balancing_time,0.183531001,
42,round.3.advection_time,0.446065009,
42,round.3.communication_time,667.835876,
42,round.3.time,668.472961,
42,round.4.load,0,
42,round.4.load_balancing_time,0.120526999,
42,round.4.advection_time,0.00362300011,
42,round.4.communication_time,118.947037,
42,round.4.time,119.074677,
42,round.5.load,0,
42,round.5.load_balancing_time,0.0394820012,
42,round.5.advection_time,0.00211700005,
42,round.5.communication_time,0.176424995,
42,round.5.time,0.219858006,
42,total_time,263691.969,
43,round.0.load,1048576,
43,round.0.load_balancing_time,144.38472,
43,round.0.advection_time,32701.9531,
43,round.0.communication_time,60013.1406,
43,round.0.time,92859.5156,
43,round.1.load,443607,
43,round.1.load_balancing_time,200.93898,
43,round.1.advection_time,29796.084,
43,round.1.communication_time,82417.8438,
43,round.1.time,112414.891,
43,round.2.load,0,
43,round.2.load_balancing_time,76.7864838,
43,round.2.advection_time,0.0316190012,
43,round.2.communication_time,57552.8672,
43,round.2.time,57629.6875,
43,round.3.load,0,
43,round.3.load_balancing_time,0.196876004,
43,round.3.advection_time,0.00313300011,
43,round.3.communication_time,668.223206,
43,round.3.time,668.427856,
43,round.4.load,0,
43,round.4.load_balancing_time,0.0913970023,
43,round.4.advection_time,0.00299900002,
43,round.4.communication_time,119.026627,
43,round.4.time,119.123413,
43,round.5.load,0,
43,round.5.load_balancing_time,0.0394340008,
43,round.5.advection_time,0.001453,
43,round.5.communication_time,0.177108005,
43,round.5.time,0.219785005,
43,total_time,263691.906,
44,round.0.load,1048576,
44,round.0.load_balancing_time,70.9975052,
44,round.0.advection_time,57823.6523,
44,round.0.communication_time,34964.793,
44,round.0.time,92859.4766,
44,round.1.load,1564,
44,round.1.load_balancing_time,55.1904564,
44,round.1.advection_time,10094.1572,
44,round.1.communication_time,102265.617,
44,round.1.time,112414.992,
44,round.2.load,0,
44,round.2.load_balancing_time,0.791083992,
44,round.2.advection_time,54.4492264,
44,round.2.communication_time,57574.4375,
44,round.2.time,57629.7031,
44,round.3.load,0,
44,round.3.load_balancing_time,0.163769007,
44,round.3.advection_time,1.21938896,
44,round.3.communication_time,667.001709,
44,round.3.time,668.398499,
44,round.4.load,0,
44,round.4.load_balancing_time,0.156100005,
44,round.4.advection_time,0.00332699995,
44,round.4.communication_time,118.961021,
44,round.4.time,119.122742,
44,round.5.load,0,
44,round.5.load_balancing_time,0.0370570011,
44,round.5.advection_time,0.00146199996,
44,round.5.communication_time,0.179423004,
44,round.5.time,0.219711006,
44,total_time,263692,
45,round.0.load,1048576,
45,round.0.load_balancing_time,111.423607,
45,round.0.advection_time,33909.0312,
45,round.0.communication_time,58839.0508,
45,round.0.time,92859.5469,
45,round.1.load,592,
45,round.1.load_balancing_time,115.404541,
45,round.1.advection_time,31152.123,
45,round.1.communication_time,81147.5,
45,round.1.time,112415.078,
45,round.2.load,17,
45,round.2.load_balancing_time,4.62448502,
45,round.2.advection_time,589.600647,
45,round.2.communication_time,57035.3672,
45,round.2.time,57629.6172,
45,round.3.load,0,
45,round.3.load_balancing_time,0.161369994,
45,round.3.advection_time,0.388197005,
45,round.3.communication_time,667.845642,
45,round.3.time,668.408569,
45,round.4.load,0,
45,round.4.load_balancing_time,0.120674998,
45,round.4.advection_time,0.00332599995,
45,round.4.communication_time,118.984016,
45,round.4.time,119.110245,
45,round.5.load,0,
45,round.5.load_balancing_time,0.0337070003,
45,round.5.advection_time,0.00186900003,
45,round.5.communication_time,0.180778995,
45,round.5.time,0.218188003,
45,total_time,263692.062,
46,round.0.load,1048576,
46,round.0.load_balancing_time,112.039391,
46,round.0.advection_time,32954.7266,
46,round.0.communication_time,59792.7266,
46,round.0.time,92859.5312,
46,round.1.load,437217,
46,round.1.load_balancing_time,217.760895,
46,round.1.advection_time,51299.8086,
46,round.1.communication_time,60897.457,
46,round.1.time,112415.047,
46,round.2.load,0,
46,round.2.load_balancing_time,92.1333923,
46,round.2.advection_time,20932.2383,
46,round.2.communication_time,36605.3047,
46,round.2.time,57629.6992,
46,round.3.load,0,
46,round.3.load_balancing_time,0.171603993,
46,round.3.advection_time,0.047499001,
46,round.3.communication_time,668.221375,
46,round.3.time,668.459839,
46,round.4.load,0,
46,round.4.load_balancing_time,0.0634090006,
46,round.4.advection_time,0.00354499999,
46,round.4.communication_time,119.028496,
46,round.4.time,119.097527,
46,round.5.load,0,
46,round.5.load_balancing_time,0.0325900018,
46,round.5.advection_time,0.00156899996,
46,round.5.communication_time,0.183546007,
46,round.5.time,0.219720006,
46,total_time,263692.094,
47,round.0.load,1048576,
47,round.0.load_balancing_time,70.6006165,
47,round.0.advection_time,56599.6211,
47,round.0.communication_time,36189.2852,
47,round.0.time,92859.5312,
47,round.1.load,0,
47,round.1.load_balancing_time,63.9226341,
47,round.1.advection_time,16581.25,
47,round.1.communication_time,95769.8438,
47,round.1.time,112415.039,
47,round.2.load,0,
47,round.2.load_balancing_time,0.166848004,
47,round.2.advection_time,0.01822,
47,round.2.communication_time,57629.5117,
47,round.2.time,57629.7031,
47,round.3.load,0,
47,round.3.load_balancing_time,0.148026004,
47,round.3.advection_time,0.00317299995,
47,round.3.communication_time,668.252075,
47,round.3.time,668.407593,
47,round.4.load,0,
47,round.4.load_balancing_time,0.0670399964,
47,round.4.advection_time,0.00207199994,
47,round.4.communication_time,119.05143,
47,round.4.time,119.122742,
47,round.5.load,0,
47,round.5.load_balancing_time,0.0304400008,
47,round.5.advection_time,0.00119600003,
47,round.5.communication_time,0.185894996,
47,round.5.time,0.219579995,
47,total_time,263692.062,
48,round.0.load,1048576,
48,round.0.load_balancing_time,53.302784,
48,round.0.advection_time,64246.7461,
48,round.0.communication_time,28559.4082,
48,round.0.time,92859.4922,
48,round.1.load,186262,
48,round.1.load_balancing_time,42.6709671,
48,round.1.advection_time,8125.79736,
48,round.1.communication_time,104246.508,
48,round.1.time,112415,
48,round.2.load,4265,
48,round.2.load_balancing_time,11.6876688,
48,round.2.advection_time,1519.22961,
48,round.2.communication_time,56098.75,
48,round.2.time,57629.6953,
48,round.3.load,290,
48,round.3.load_balancing_time,5.7139349,
48,round.3.advection_time,474.433594,
48,round.3.communication_time,188.287857,
48,round.3.time,668.45813,
48,round.4.load,0,
48,round.4.load_balancing_time,0.382732987,
48,round.4.advection_time,53.4326401,
48,round.4.communication_time,65.2994843,
48,round.4.time,119.120979,
48,round.5.load,0,
48,round.5.load_balancing_time,0.0366609991,
48,round.5.advection_time,0.0851190016,
48,round.5.communication_time,0.0927029997,
48,round.5.time,0.217207,
48,total_time,263692.031,
49,round.0.load,1048576,
49,round.0.load_balancing_time,81.4556503,
49,round.0.advection_time,49883.2812,
49,round.0.communication_time,42894.7422,
49,round.0.time,92859.5156,
49,round.1.load,31127,
49,round.1.load_balancing_time,74.5608826,
49,round.1.advection_time,17106.9238,
49,round.1.communication_time,95233.5312,
49,round.1.time,112415.047,
49,round.2.load,708,
49,round.2.load_balancing_time,16.8610439,
49,round.2.advection_time,2844.40063,
49,round.2.communication_time,54768.3867,
49,round.2.time,57629.668,
49,round.3.load,3954,
49,round.3.load_balancing_time,4.52219486,
49,round.3.advection_time,12.0350285,
49,round.3.communication_time,651.854858,
49,round.3.time,668.420349,
49,round.4.load,0,
49,round.4.load_balancing_time,0.837484002,
49,round.4.advection_time,0.004342,
49,round.4.communication_time,118.277222,
49,round.4.time,119.121811,
49,round.5.load,0,
49,round.5.load_balancing_time,0.0373089984,
49,round.5.advection_time,0.001774,
49,round.5.communication_time,0.177283004,
49,round.5.time,0.218199998,
49,total_time,263692.031,
50,round.0.load,1048576,
50,round.0.load_balancing_time,79.5298386,
50,round.0.advection_time,41508.0977,
50,round.0.communication_time,51271.8438,
50,round.0.time,92859.5078,
50,round.1.load,527239,
50,round.1.load_balancing_time,96.3630219,
50,round.1.advection_time,0.0220170002,
50,round.1.communication_time,112318.617,
50,round.1.time,112415.047,
50,round.2.load,137236,
50,round.2.load_balancing_time,15.2388678,
50,round.2.advection_time,0.0227649994,
50,round.2.communication_time,57614.3867,
50,round.2.time,57629.6797,
50,round.3.load,723,
50,round.3.load_balancing_time,4.52344418,
50,round.3.advection_time,38.9199257,
50,round.3.communication_time,624.947815,
50,round.3.time,668.403503,
50,round.4.load,0,
50,round.4.load_balancing_time,0.0555079989,
50,round.4.advection_time,0.00592199992,
50,round.4.communication_time,119.02729,
50,round.4.time,119.091339,
50,round.5.load,0,
50,round.5.load_balancing_time,0.0363879986,
50,round.5.advection_time,0.00163299998,
50,round.5.communication_time,0.179867998,
50,round.5.time,0.219731003,
50,total_time,263692.031,
51,round.0.load,1048576,
51,round.0.load_balancing_time,51.1444397,
51,round.0.advection_time,61158.1055,
51,round.0.communication_time,31650.2344,
51,round.0.time,92859.5156,
51,round.1.load,1029,
51,round.1.load_balancing_time,62.7010994,
51,round.1.advection_time,7241.64111,
51,round.1.communication_time,105110.688,
51,round.1.time,112415.07,
51,round.2.load,0,
51,round.2.load_balancing_time,14.3911657,
51,round.2.advection_time,90.9955292,
51,round.2.communication_time,57524.25,
51,round.2.time,57629.6641,
51,round.3.load,0,
51,round.3.load_balancing_time,0.327926993,
51,round.3.advection_time,3.52139902,
51,round.3.communication_time,664.507629,
51,round.3.time,668.375916,
51,round.4.load,0,
51,round.4.load_balancing_time,0.114344001,
51,round.4.advection_time,0.00429699989,
51,round.4.communication_time,118.982201,
51,round.4.time,119.104668,
51,round.5.load,0,
51,round.5.load_balancing_time,0.0295039993,
51,round.5.advection_time,0.00132599997,
51,round.5.communication_time,0.186793,
51,round.5.time,0.219450995,
51,total_time,263692.031,
52,round.0.load,1048576,
52,round.0.load_balancing_time,70.5262527,
52,round.0.advection_time,49099.4531,
52,round.0.communication_time,43689.4258,
52,round.0.time,92859.4609,
52,round.1.load,301751,
52,round.1.load_balancing_time,82.1327286,
52,round.1.advection_time,6366.25391,
52,round.1.communication_time,105966.57,
52,round.1.time,112414.977,
52,round.2.load,98530,
52,round.2.load_balancing_time,12.8635511,
52,round.2.advection_time,0.00968599971,
52,round.2.communication_time,57616.7734,
52,round.2.time,57629.6602,
52,round.3.load,41413,
52,round.3.load_balancing_time,4.73091793,
52,round.3.advection_time,0.00752100023,
52,round.3.communication_time,663.692566,
52,round.3.time,668.437805,
52,round.4.load,3059,
52,round.4.load_balancing_time,0.840206981,
52,round.4.advection_time,0.00306200003,
52,round.4.communication_time,118.274445,
52,round.4.time,119.120995,
52,round.5.load,8,
52,round.5.load_balancing_time,0.0398540013,
52,round.5.advection_time,0.001926,
52,round.5.communication_time,0.175586,
52,round.5.time,0.219503999,
52,total_time,263691.906,
53,round.0.load,258048,
53,round.0.load_balancing_time,100.299469,
53,round.0.advection_time,86081.9141,
53,round.0.communication_time,6677.28076,
53,round.0.time,92859.5234,
53,round.1.load,129695,
53,round.1.load_balancing_time,117.175903,
53,round.1.advection_time,47722.2695,
53,round.1.communication_time,64575.582,
53,round.1.time,112415.07,
53,round.2.load,69647,
53,round.2.load_balancing_time,105.223991,
53,round.2.advection_time,2042.08289,
53,round.2.communication_time,55482.375,
53,round.2.time,57629.7148,
53,round.3.load,17162,
53,round.3.load_balancing_time,4.95858908,
53,round.3.advection_time,238.212662,
53,round.3.communication_time,425.183929,
53,round.3.time,668.368164,
53,round.4.load,8477,
53,round.4.load_balancing_time,0.932386994,
53,round.4.advection_time,0.0107410001,
53,round.4.communication_time,118.15696,
53,round.4.time,119.105202,
53,round.5.load,0,
53,round.5.load_balancing_time,0.0398459993,
53,round.5.advection_time,0.00255899993,
53,round.5.communication_time,0.173628002,
53,round.5.time,0.218051001,
53,total_time,263692.062,
54,round.0.load,249984,
54,round.0.load_balancing_time,101.288322,
54,round.0.advection_time,56322.8516,
54,round.0.communication_time,36435.3242,
54,round.0.time,92859.4922,
54,round.1.load,871929,
54,round.1.load_balancing_time,221.50589,
54,round.1.advection_time,0.0328380018,
54,round.1.communication_time,112193.445,
54,round.1.time,112415,
54,round.2.load,159019,
54,round.2.load_balancing_time,105.128479,
54,round.2.advection_time,0.0778630003,
54,round.2.communication_time,57524.4453,
54,round.2.time,57629.668,
54,round.3.load,40331,
54,round.3.load_balancing_time,4.60724688,
54,round.3.advection_time,0.0391199999,
54,round.3.communication_time,663.774963,
54,round.3.time,668.43219,
54,round.4.load,0,
54,round.4.load_balancing_time,0.809163988,
54,round.4.advection_time,0.00440499978,
54,round.4.communication_time,118.276909,
54,round.4.time,119.094238,
54,round.5.load,0,
54,round.5.load_balancing_time,0.0412460007,
54,round.5.advection_time,0.00219599996,
54,round.5.communication_time,0.175031006,
54,round.5.time,0.220393002,
54,total_time,263691.969,
55,round.0.load,1048576,
55,round.0.load_balancing_time,70.5713882,
55,round.0.advection_time,46401.1562,
55,round.0.communication_time,46387.7812,
55,round.0.time,92859.5391,
55,round.1.load,19007,
55,round.1.load_balancing_time,103.435074,
55,round.1.advection_time,26114.7812,
55,round.1.communication_time,86196.8203,
55,round.1.time,112415.062,
55,round.2.load,0,
55,round.2.load_balancing_time,16.8897724,
55,round.2.advection_time,743.731934,
55,round.2.communication_time,56869.0781,
55,round.2.time,57629.7148,
55,round.3.load,0,
55,round.3.load_balancing_time,4.3481679,
55,round.3.advection_time,0.013425,
55,round.3.communication_time,663.99823,
55,round.3.time,668.366455,
55,round.4.load,0,
55,round.4.load_balancing_time,0.0804350004,
55,round.4.advection_time,0.00270699989,
55,round.4.communication_time,119.035904,
55,round.4.time,119.121262,
55,round.5.load,0,
55,round.5.load_balancing_time,0.0384999998,
55,round.5.advection_time,0.00136600004,
55,round.5.communication_time,0.178035006,
55,round.5.time,0.219697997,
55,total_time,263692.062,
56,round.0.load,1048576,
56,round.0.load_balancing_time,79.3572769,
56,round.0.advection_time,46421.1289,
56,round.0.communication_time,46358.957,
56,round.0.time,92859.4766,
56,round.1.load,202660,
56,round.1.load_balancing_time,95.3416824,
56,round.1.advection_time,18987.041,
56,round.1.communication_time,93332.6328,
56,round.1.time,112415.047,
56,round.2.load,18279,
56,round.2.load_balancing_time,12.0757799,
56,round.2.advection_time,1669.79797,
56,round.2.communication_time,55947.7773,
56,round.2.time,57629.6797,
56,round.3.load,14683,
56,round.3.load_balancing_time,5.03240013,
56,round.3.advection_time,226.69339,
56,round.3.communication_time,436.691315,
56,round.3.time,668.434631,
56,round.4.load,3,
56,round.4.load_balancing_time,0.328168005,
56,round.4.advection_time,37.8917503,
56,round.4.communication_time,80.8944473,
56,round.4.time,119.119202,
56,round.5.load,0,
56,round.5.load_balancing_time,0.0396559983,
56,round.5.advection_time,0.0773039982,
56,round.5.communication_time,0.0980169997,
56,round.5.time,0.217650995,
56,total_time,263692.031,
57,round.0.load,249984,
57,round.0.load_balancing_time,100.417938,
57,round.0.advection_time,56436.0781,
57,round.0.communication_time,36322.9922,
57,round.0.time,92859.5156,
57,round.1.load,730434,
57,round.1.load_balancing_time,231.085602,
57,round.1.advection_time,14554.3984,
57,round.1.communication_time,97629.5312,
57,round.1.time,112415.047,
57,round.2.load,35827,
57,round.2.load_balancing_time,105.690254,
57,round.2.advection_time,581.189819,
57,round.2.communication_time,56942.7617,
57,round.2.time,57629.6641,
57,round.3.load,8571,
57,round.3.load_balancing_time,2.32681489,
57,round.3.advection_time,330.643402,
57,round.3.communication_time,335.439178,
57,round.3.time,668.421021,
57,round.4.load,2,
57,round.4.load_balancing_time,0.832720995,
57,round.4.advection_time,0.446460992,
57,round.4.communication_time,117.834831,
57,round.4.time,119.117149,
57,round.5.load,0,
57,round.5.load_balancing_time,0.0402220003,
57,round.5.advection_time,0.00277099991,
57,round.5.communication_time,0.174840003,
57,round.5.time,0.219977006,
57,total_time,263692.031,
58,round.0.load,242172,
58,round.0.load_balancing_time,101.406288,
58,round.0.advection_time,56123.3984,
58,round.0.communication_time,36634.7305,
58,round.0.time,92859.5625,
58,round.1.load,1962739,
58,round.1.load_balancing_time,229.03923,
58,round.1.advection_time,0.0356639996,
58,round.1.communication_time,112185.914,
58,round.1.time,112415.008,
58,round.2.load,1001691,
58,round.2.load_balancing_time,109.789757,
58,round.2.advection_time,0.0205240007,
58,round.2.communication_time,57519.8711,
58,round.2.time,57629.6914,
58,round.3.load,0,
58,round.3.load_balancing_time,4.41546679,
58,round.3.advection_time,0.697865009,
58,round.3.communication_time,663.367493,
58,round.3.time,668.487366,
58,round.4.load,0,
58,round.4.load_balancing_time,0.0509519987,
58,round.4.advection_time,0.00509600015,
58,round.4.communication_time,119.012703,
58,round.4.time,119.071625,
58,round.5.load,0,
58,round.5.load_balancing_time,0.0399239995,
58,round.5.advection_time,0.0023980001,
58,round.5.communication_time,0.174275994,
58,round.5.time,0.218723997,
58,total_time,263692.094,
59,round.0.load,1048576,
59,round.0.load_balancing_time,81.7277756,
59,round.0.advection_time,38378.0039,
59,round.0.communication_time,54399.7656,
59,round.0.time,92859.5312,
59,round.1.load,508262,
59,round.1.load_balancing_time,220.386566,
59,round.1.advection_time,0.25029701,
59,round.1.communication_time,112194.344,
59,round.1.time,112415,
59,round.2.load,0,
59,round.2.load_balancing_time,105.147102,
59,round.2.advection_time,0.0232779998,
59,round.2.communication_time,57524.5234,
59,round.2.time,57629.6992,
59,round.3.load,0,
59,round.3.load_balancing_time,0.171608999,
59,round.3.advection_time,0.00444199983,
59,round.3.communication_time,668.24115,
59,round.3.time,668.425232,
59,round.4.load,0,
59,round.4.load_balancing_time,0.0948119983,
59,round.4.advection_time,0.00281600002,
59,round.4.communication_time,119.020706,
59,round.4.time,119.122192,
59,round.5.load,0,
59,round.5.load_balancing_time,0.0344050005,
59,round.5.advection_time,0.00153799995,
59,round.5.communication_time,0.181690007,
59,round.5.time,0.219530001,
59,total_time,263692.031,
60,round.0.load,1048576,
60,round.0.load_balancing_time,50.7810898,
60,round.0.advection_time,65866.1797,
60,round.0.communication_time,26942.5137,
60,round.0.time,92859.5,
60,round.1.load,23963,
60,round.1.load_balancing_time,98.2812653,
60,round.1.advection_time,13368.4834,
60,round.1.communication_time,98948.2266,
60,round.1.time,112415.008,
60,round.2.load,1677,
60,round.2.load_balancing_time,1.88751805,
60,round.2.advection_time,408.491821,
60,round.2.communication_time,57219.3281,
60,round.2.time,57629.7266,
60,round.3.load,0,
60,round.3.load_balancing_time,2.10562801,
60,round.3.advection_time,268.283325,
60,round.3.communication_time,398.05481,
60,round.3.time,668.458557,
60,round.4.load,0,
60,round.4.load_balancing_time,0.106482998,
60,round.4.advection_time,0.0589630008,
60,round.4.communication_time,118.930397,
60,round.4.time,119.098526,
60,round.5.load,0,
60,round.5.load_balancing_time,0.034568999,
60,round.5.advection_time,0.00166299997,
60,round.5.communication_time,0.181858003,
60,round.5.time,0.219775006,
60,total_time,263692.062,
61,round.0.load,1048576,
61,round.0.load_balancing_time,71.3181915,
61,round.0.advection_time,46340.8672,
61,round.0.communication_time,46447.3125,
61,round.0.time,92859.5234,
61,round.1.load,14838,
61,round.1.load_balancing_time,115.255493,
61,round.1.advection_time,34460.625,
61,round.1.communication_time,77839.1406,
61,round.1.time,112415.031,
61,round.2.load,208,
61,round.2.load_balancing_time,4.2861762,
61,round.2.advection_time,489.25238,
61,round.2.communication_time,57136.1172,
61,round.2.time,57629.668,
61,round.3.load,0,
61,round.3.load_balancing_time,1.17835295,
61,round.3.advection_time,0.824965,
61,round.3.communication_time,666.406067,
61,round.3.time,668.415405,
61,round.4.load,0,
61,round.4.load_balancing_time,0.0762659982,
61,round.4.advection_time,0.0026730001,
61,round.4.communication_time,119.028023,
61,round.4.time,119.109024,
61,round.5.load,0,
61,round.5.load_balancing_time,0.0327129997,
61,round.5.advection_time,0.00167999999,
61,round.5.communication_time,0.183087006,
61,round.5.time,0.219192997,
61,total_time,263692,
62,round.0.load,1048576,
62,round.0.load_balancing_time,70.920639,
62,round.0.advection_time,38141.0938,
62,round.0.communication_time,54647.4648,
62,round.0.time,92859.5156,
62,round.1.load,500388,
62,round.1.load_balancing_time,263.150269,
62,round.1.advection_time,80441.625,
62,round.1.communication_time,31710.1855,
62,round.1.time,112415.008,
62,round.2.load,0,
62,round.2.load_balancing_time,120.98243,
62,round.2.advection_time,53159.4023,
62,round.2.communication_time,4349.22656,
62,round.2.time,57629.6523,
62,round.3.load,0,
62,round.3.load_balancing_time,0.126686007,
62,round.3.advection_time,0.0165490005,
62,round.3.communication_time,668.309631,
62,round.3.time,668.465149,
62,round.4.load,0,
62,round.4.load_balancing_time,0.0692489967,
62,round.4.advection_time,0.0027340001,
62,round.4.communication_time,119.021172,
62,round.4.time,119.096581,
62,round.5.load,0,
62,round.5.load_balancing_time,0.0337570012,
62,round.5.advection_time,0.00154199998,
62,round.5.communication_time,0.182403997,
62,round.5.time,0.219632998,
62,total_time,263692.031,
63,round.0.load,1048576,
63,round.0.load_balancing_time,51.9122238,
63,round.0.advection_time,59990.0117,
63,round.0.communication_time,32817.5859,
63,round.0.time,92859.5391,
63,round.1.load,14,
63,round.1.load_balancing_time,76.0380402,
63,round.1.advection_time,19551.7383,
63,round.1.communication_time,92787.25,
63,round.1.time,112415.055,
63,round.2.load,0,
63,round.2.load_balancing_time,0.128733993,
63,round.2.advection_time,0.0694859996,
63,round.2.communication_time,57629.4609,
63,round.2.time,57629.6875,
63,round.3.load,0,
63,round.3.load_balancing_time,0.128347993,
63,round.3.advection_time,0.00733300019,
63,round.3.communication_time,668.220154,
63,round.3.time,668.368652,
63,round.4.load,0,
63,round.4.load_balancing_time,0.0801789984,
63,round.4.advection_time,0.00584700005,
63,round.4.communication_time,119.033524,
63,round.4.time,119.122536,
63,round.5.load,0,
63,round.5.load_balancing_time,0.0260550007,
63,round.5.advection_time,0.00116099999,
63,round.5.communication_time,0.187224001,
63,round.5.time,0.216078997,
63,total_time,263692.062,
64,round.0.load,1048576,
64,round.0.load_balancing_time,51.0132751,
64,round.0.advection_time,47299.0625,
64,round.0.communication_time,45509.2773,
64,round.0.time,92859.3828,
64,round.1.load,375276,
64,round.1.load_balancing_time,37.5270157,
64,round.1.advection_time,2755.14697,
64,round.1.communication_time,109622.289,
64,round.1.time,112414.984,
64,round.2.load,2529,
64,round.2.load_balancing_time,10.0431089,
64,round.2.advection_time,2843.73682,
64,round.2.communication_time,54775.8516,
64,round.2.time,57629.6641,
64,round.3.load,683,
64,round.3.load_balancing_time,1.23583901,
64,round.3.advection_time,279.740387,
64,round.3.communication_time,387.473999,
64,round.3.time,668.464966,
64,round.4.load,10,
64,round.4.load_balancing_time,0.056832999,
64,round.4.advection_time,0.00996199995,
64,round.4.communication_time,119.050049,
64,round.4.time,119.11985,
64,round.5.load,0,
64,round.5.load_balancing_time,0.0386850014,
64,round.5.advection_time,0.00176899997,
64,round.5.communication_time,0.177698001,
64,round.5.time,0.220067993,
64,total_time,263691.906,
65,round.0.load,1048576,
65,round.0.load_balancing_time,105.072632,
65,round.0.advection_time,29483.1113,
65,round.0.communication_time,63271.3125,
65,round.0.time,92859.5312,
65,round.1.load,40242,
65,round.1.load_balancing_time,74.0613098,
65,round.1.advection_time,17345.8887,
65,round.1.communication_time,94995.0078,
65,round.1.time,112415.031,
65,round.2.load,5407,
65,round.2.load_balancing_time,11.7981787,
65,round.2.advection_time,232.009003,
65,round.2.communication_time,57385.8008,
65,round.2.time,57629.6211,
65,round.3.load,5079,
65,round.3.load_balancing_time,2.59610891,
65,round.3.advection_time,0.0104040001,
65,round.3.communication_time,665.832458,
65,round.3.time,668.446106,
65,round.4.load,0,
65,round.4.load_balancing_time,0.075244002,
65,round.4.advection_time,0.00341699994,
65,round.4.communication_time,119.041618,
65,round.4.time,119.122597,
65,round.5.load,0,
65,round.5.load_balancing_time,0.0427099988,
65,round.5.advection_time,0.00162,
65,round.5.communication_time,0.174085006,
65,round.5.time,0.220064998,
65,total_time,263692.062,
66,round.0.load,1048576,
66,round.0.load_balancing_time,103.706673,
66,round.0.advection_time,31031.8184,
66,round.0.communication_time,61723.9375,
66,round.0.time,92859.5,
66,round.1.load,517,
66,round.1.load_balancing_time,74.8964996,
66,round.1.advection_time,20497.334,
66,round.1.communication_time,91842.7344,
66,round.1.time,112414.992,
66,round.2.load,7493,
66,round.2.load_balancing_time,18.3647919,
66,round.2.advection_time,1433.17078,
66,round.2.communication_time,56178.1328,
66,round.2.time,57629.6875,
66,round.3.load,0,
66,round.3.load_balancing_time,0.688585997,
66,round.3.advection_time,6.67377186,
66,round.3.communication_time,661.111267,
66,round.3.time,668.485291,
66,round.4.load,0,
66,round.4.load_balancing_time,0.0473669991,
66,round.4.advection_time,0.0046339999,
66,round.4.communication_time,119.034378,
66,round.4.time,119.08857,
66,round.5.load,0,
66,round.5.load_balancing_time,0.0372160003,
66,round.5.advection_time,0.00172499998,
66,round.5.communication_time,0.179496005,
66,round.5.time,0.220195994,
66,total_time,263692.031,
67,round.0.load,1048576,
67,round.0.load_balancing_time,51.4411201,
67,round.0.advection_time,48649.6992,
67,round.0.communication_time,44158.3242,
67,round.0.time,92859.4922,
67,round.1.load,246413,
67,round.1.load_balancing_time,24.3279495,
67,round.1.advection_time,0.00690399995,
67,round.1.communication_time,112390.641,
67,round.1.time,112414.992,
67,round.2.load,0,
67,round.2.load_balancing_time,1.00114501,
67,round.2.advection_time,29.2555542,
67,round.2.communication_time,57599.4453,
67,round.2.time,57629.7109,
67,round.3.load,0,
67,round.3.load_balancing_time,0.199687004,
67,round.3.advection_time,0.00875400007,
67,round.3.communication_time,668.207703,
67,round.3.time,668.421814,
67,round.4.load,0,
67,round.4.load_balancing_time,0.0746129975,
67,round.4.advection_time,0.00210899999,
67,round.4.communication_time,119.04467,
67,round.4.time,119.123627,
67,round.5.load,0,
67,round.5.load_balancing_time,0.0319899991,
67,round.5.advection_time,0.00129000004,
67,round.5.communication_time,0.184995994,
67,round.5.time,0.219863996,
67,total_time,263692,
68,round.0.load,1048576,
68,round.0.load_balancing_time,81.5107956,
68,round.0.advection_time,33930.7617,
68,round.0.communication_time,58847.1797,
68,round.0.time,92859.4844,
68,round.1.load,239985,
68,round.1.load_balancing_time,44.0798645,
68,round.1.advection_time,31995.2676,
68,round.1.communication_time,80375.6094,
68,round.1.time,112414.977,
68,round.2.load,88524,
68,round.2.load_balancing_time,12.5461063,
68,round.2.advection_time,1123.75085,
68,round.2.communication_time,56493.3711,
68,round.2.time,57629.6836,
68,round.3.load,8973,
68,round.3.load_balancing_time,4.5265069,
68,round.3.advection_time,0.0123739997,
68,round.3.communication_time,663.914368,
68,round.3.time,668.460999,
68,round.4.load,9,
68,round.4.load_balancing_time,0.333364993,
68,round.4.advection_time,0.570434988,
68,round.4.communication_time,118.212082,
68,round.4.time,119.118523,
68,round.5.load,1,
68,round.5.load_balancing_time,0.0390250012,
68,round.5.advection_time,0.0286279991,
68,round.5.communication_time,0.150755003,
68,round.5.time,0.222948998,
68,total_time,263692,
69,round.0.load,253952,
69,round.0.load_balancing_time,121.589539,
69,round.0.advection_time,66459.0469,
69,round.0.communication_time,26278.8457,
69,round.0.time,92859.5391,
69,round.1.load,293607,
69,round.1.load_balancing_time,114.727295,
69,round.1.advection_time,8652.37695,
69,round.1.communication_time,103647.867,
69,round.1.time,112415,
69,round.2.load,120022,
69,round.2.load_balancing_time,18.11166,
69,round.2.advection_time,0.026974,
69,round.2.communication_time,57611.5195,
69,round.2.time,57629.6641,
69,round.3.load,190,
69,round.3.load_balancing_time,2.62535501,
69,round.3.advection_time,477.42804,
69,round.3.communication_time,188.399078,
69,round.3.time,668.4646,
69,round.4.load,19,
69,round.4.load_balancing_time,0.985350013,
69,round.4.advection_time,102.993721,
69,round.4.communication_time,15.117382,
69,round.4.time,119.104614,
69,round.5.load,0,
69,round.5.load_balancing_time,0.0413450003,
69,round.5.advection_time,0.00600800011,
69,round.5.communication_time,0.166031003,
69,round.5.time,0.216989994,
69,total_time,263692.031,
70,round.0.load,246016,
70,round.0.load_balancing_time,121.71611,
70,round.0.advection_time,58871.4102,
70,round.0.communication_time,33866.3359,
70,round.0.time,92859.4922,
70,round.1.load,223901,
70,round.1.load_balancing_time,280.10141,
70,round.1.advection_time,15921.6455,
70,round.1.communication_time,96213.2422,
70,round.1.time,112415.016,
70,round.2.load,3564,
70,round.2.load_balancing_time,128.728775,
70,round.2.advection_time,2872.29688,
70,round.2.communication_time,54628.6328,
70,round.2.time,57629.6836,
70,round.3.load,46,
70,round.3.load_balancing_time,5.24023008,
70,round.3.advection_time,569.303406,
70,round.3.communication_time,93.876915,
70,round.3.time,668.456055,
70,round.4.load,0,
70,round.4.load_balancing_time,0.0669699982,
70,round.4.advection_time,0.0145119997,
70,round.4.communication_time,119.007881,
70,round.4.time,119.09201,
70,round.5.load,0,
70,round.5.load_balancing_time,0.0390579998,
70,round.5.advection_time,0.0021889999,
70,round.5.communication_time,0.177037999,
70,round.5.time,0.220045999,
70,total_time,263692.031,
71,round.0.load,1048576,
71,round.0.load_balancing_time,81.429985,
71,round.0.advection_time,31342.6562,
71,round.0.communication_time,61435.4102,
71,round.0.time,92859.5234,
71,round.1.load,8256,
71,round.1.load_balancing_time,23.2985859,
71,round.1.advection_time,3560.04248,
71,round.1.communication_time,108831.68,
71,round.1.time,112415.039,
71,round.2.load,0,
71,round.2.load_balancing_time,0.403701991,
71,round.2.advection_time,1.331563,
71,round.2.communication_time,57627.9297,
71,round.2.time,57629.6797,
71,round.3.load,0,
71,round.3.load_balancing_time,0.212858006,
71,round.3.advection_time,0.0100980001,
71,round.3.communication_time,668.179321,
71,round.3.time,668.41333,
71,round.4.load,0,
71,round.4.load_balancing_time,0.0851399973,
71,round.4.advection_time,0.0051549999,
71,round.4.communication_time,119.025581,
71,round.4.time,119.121681,
71,round.5.load,0,
71,round.5.load_balancing_time,0.0369700007,
71,round.5.advection_time,0.00141100003,
71,round.5.communication_time,0.179306,
71,round.5.time,0.219658002,
71,total_time,263692.031,
72,round.0.load,1048576,
72,round.0.load_balancing_time,103.223473,
72,round.0.advection_time,33013.9688,
72,round.0.communication_time,59742.2539,
72,round.0.time,92859.4844,
72,round.1.load,131612,
72,round.1.load_balancing_time,99.2455521,
72,round.1.advection_time,12645.6758,
72,round.1.communication_time,99670.0859,
72,round.1.time,112415.031,
72,round.2.load,42998,
72,round.2.load_balancing_time,11.9879847,
72,round.2.advection_time,1155.95496,
72,round.2.communication_time,56461.7344,
72,round.2.time,57629.6875,
72,round.3.load,2086,
72,round.3.load_balancing_time,1.85538495,
72,round.3.advection_time,216.587158,
72,round.3.communication_time,450.018036,
72,round.3.time,668.472046,
72,round.4.load,1,
72,round.4.load_balancing_time,0.0807709992,
72,round.4.advection_time,0.461677015,
72,round.4.communication_time,118.57476,
72,round.4.time,119.12043,
72,round.5.load,0,
72,round.5.load_balancing_time,0.0383160003,
72,round.5.advection_time,0.00223500002,
72,round.5.communication_time,0.177304,
72,round.5.time,0.219909996,
72,total_time,263692.062,
73,round.0.load,246016,
73,round.0.load_balancing_time,121.712753,
73,round.0.advection_time,78084.3359,
73,round.0.communication_time,14653.4258,
73,round.0.time,92859.5,
73,round.1.load,121063,
73,round.1.load_balancing_time,277.558014,
73,round.1.advection_time,26789.9512,
73,round.1.communication_time,85347.4375,
73,round.1.time,112414.969,
73,round.2.load,5513,
73,round.2.load_balancing_time,13.810174,
73,round.2.advection_time,5153.55127,
73,round.2.communication_time,52462.2539,
73,round.2.time,57629.6328,
73,round.3.load,14,
73,round.3.load_balancing_time,1.52934897,
73,round.3.advection_time,116.575859,
73,round.3.communication_time,550.324158,
73,round.3.time,668.444702,
73,round.4.load,0,
73,round.4.load_balancing_time,0.0895600021,
73,round.4.advection_time,0.578175008,
73,round.4.communication_time,118.447472,
73,round.4.time,119.118668,
73,round.5.load,0,
73,round.5.load_balancing_time,0.0407020003,
73,round.5.advection_time,0.00258899992,
73,round.5.communication_time,0.174584001,
73,round.5.time,0.219748005,
73,total_time,263691.938,
74,round.0.load,238328,
74,round.0.load_balancing_time,121.795311,
74,round.0.advection_time,55578.4023,
74,round.0.communication_time,37159.3086,
74,round.0.time,92859.5391,
74,round.1.load,8317,
74,round.1.load_balancing_time,284.004486,
74,round.1.advection_time,111824.117,
74,round.1.communication_time,306.849121,
74,round.1.time,112414.992,
74,round.2.load,16,
74,round.2.load_balancing_time,128.74028,
74,round.2.advection_time,57383.2695,
74,round.2.communication_time,117.668465,
74,round.2.time,57629.6953,
74,round.3.load,0,
74,round.3.load_balancing_time,0.181888998,
74,round.3.advection_time,4.38569593,
74,round.3.communication_time,663.917053,
74,round.3.time,668.490967,
74,round.4.load,0,
74,round.4.load_balancing_time,0.0482290015,
74,round.4.advection_time,0.00459600007,
74,round.4.communication_time,119.016701,
74,round.4.time,119.071732,
74,round.5.load,0,
74,round.5.load_balancing_time,0.0386920013,
74,round.5.advection_time,0.00216099992,
74,round.5.communication_time,0.177468002,
74,round.5.time,0.220137998,
74,total_time,263692.031,
75,round.0.load,1048576,
75,round.0.load_balancing_time,104.921471,
75,round.0.advection_time,30721.0664,
75,round.0.communication_time,62033.5078,
75,round.0.time,92859.5312,
75,round.1.load,0,
75,round.1.load_balancing_time,52.2326279,
75,round.1.advection_time,344.253418,
75,round.1.communication_time,112018.484,
75,round.1.time,112414.992,
75,round.2.load,0,
75,round.2.load_balancing_time,0.206147999,
75,round.2.advection_time,0.294447988,
75,round.2.communication_time,57629.1797,
75,round.2.time,57629.7031,
75,round.3.load,0,
75,round.3.load_balancing_time,0.184014007,
75,round.3.advection_time,0.0078370003,
75,round.3.communication_time,668.207764,
75,round.3.time,668.413574,
75,round.4.load,0,
75,round.4.load_balancing_time,0.0915590003,
75,round.4.advection_time,0.00225599995,
75,round.4.communication_time,119.024651,
75,round.4.time,119.123177,
75,round.5.load,0,
75,round.5.load_balancing_time,0.0353699997,
75,round.5.advection_time,0.00129499997,
75,round.5.communication_time,0.181121007,
75,round.5.time,0.219857007,
75,total_time,263692.031,
76,round.0.load,1048576,
76,round.0.load_balancing_time,51.1314697,
76,round.0.advection_time,46150.2109,
76,round.0.communication_time,46658.1133,
76,round.0.time,92859.4844,
76,round.1.load,326498,
76,round.1.load_balancing_time,36.6910973,
76,round.1.advection_time,0.0230139997,
76,round.1.communication_time,112378.281,
76,round.1.time,112415.016,
76,round.2.load,4617,
76,round.2.load_balancing_time,4.79272509,
76,round.2.advection_time,1187.53699,
76,round.2.communication_time,56437.3906,
76,round.2.time,57629.7539,
76,round.3.load,2,
76,round.3.load_balancing_time,0.329968005,
76,round.3.advection_time,42.0972824,
76,round.3.communication_time,625.966064,
76,round.3.time,668.408508,
76,round.4.load,0,
76,round.4.load_balancing_time,0.0544149987,
76,round.4.advection_time,0.00800899975,
76,round.4.communication_time,119.054321,
76,round.4.time,119.12056,
76,round.5.load,0,
76,round.5.load_balancing_time,0.0310789999,
76,round.5.advection_time,0.00148500002,
76,round.5.communication_time,0.185881004,
76,round.5.time,0.220136002,
76,total_time,263692.062,
77,round.0.load,1048576,
77,round.0.load_balancing_time,80.9402924,
77,round.0.advection_time,30764.2637,
77,round.0.communication_time,62014.293,
77,round.0.time,92859.5312,
77,round.1.load,24632,
77,round.1.load_balancing_time,110.84903,
77,round.1.advection_time,12260.5537,
77,round.1.communication_time,100043.586,
77,round.1.time,112415.023,
77,round.2.load,2,
77,round.2.load_balancing_time,0.814212024,
77,round.2.advection_time,505.730804,
77,round.2.communication_time,57123.0977,
77,round.2.time,57629.668,
77,round.3.load,0,
77,round.3.load_balancing_time,0.139712006,
77,round.3.advection_time,0.251336992,
77,round.3.communication_time,668.014832,
77,round.3.time,668.41925,
77,round.4.load,0,
77,round.4.load_balancing_time,0.0617090017,
77,round.4.advection_time,0.00414799992,
77,round.4.communication_time,119.038467,
77,round.4.time,119.109283,
77,round.5.load,0,
77,round.5.load_balancing_time,0.0345739983,
77,round.5.advection_time,0.00181499997,
77,round.5.communication_time,0.181303993,
77,round.5.time,0.219521999,
77,total_time,263692.031,
78,round.0.load,1048576,
78,round.0.load_balancing_time,81.6242981,
78,round.0.advection_time,30770.8398,
78,round.0.communication_time,62007.0039,
78,round.0.time,92859.5078,
78,round.1.load,0,
78,round.1.load_balancing_time,50.0448647,
78,round.1.advection_time,1022.81763,
78,round.1.communication_time,111342.133,
78,round.1.time,112415.016,
78,round.2.load,0,
78,round.2.load_balancing_time,0.195530996,
78,round.2.advection_time,0.955421984,
78,round.2.communication_time,57628.5078,
78,round.2.time,57629.6758,
78,round.3.load,0,
78,round.3.load_balancing_time,0.201730996,
78,round.3.advection_time,0.0093299998,
78,round.3.communication_time,668.245422,
78,round.3.time,668.461426,
78,round.4.load,0,
78,round.4.load_balancing_time,0.0633089989,
78,round.4.advection_time,0.00257800007,
78,round.4.communication_time,119.025223,
78,round.4.time,119.094383,
78,round.5.load,0,
78,round.5.load_balancing_time,0.0336179994,
78,round.5.advection_time,0.00163700001,
78,round.5.communication_time,0.182505995,
78,round.5.time,0.219762996,
78,total_time,263692.031,
79,round.0.load,1048576,
79,round.0.load_balancing_time,51.2517929,
79,round.0.advection_time,48690.3867,
79,round.0.communication_time,44117.8633,
79,round.0.time,92859.5391,
79,round.1.load,0,
79,round.1.load_balancing_time,0.136427999,
79,round.1.advection_time,0.145910993,
79,round.1.communication_time,112414.734,
79,round.1.time,112415.039,
79,round.2.load,0,
79,round.2.load_balancing_time,0.175172001,
79,round.2.advection_time,0.0111760003,
79,round.2.communication_time,57629.5117,
79,round.2.time,57629.7031,
79,round.3.load,0,
79,round.3.load_balancing_time,0.171619996,
79,round.3.advection_time,0.00401999988,
79,round.3.communication_time,668.217957,
79,round.3.time,668.401917,
79,round.4.load,0,
79,round.4.load_balancing_time,0.0702250004,
79,round.4.advection_time,0.002416,
79,round.4.communication_time,119.047157,
79,round.4.time,119.122307,
79,round.5.load,0,
79,round.5.load_balancing_time,0.0295320004,
79,round.5.advection_time,0.001361,
79,round.5.communication_time,0.187037006,
79,round.5.time,0.219742,
79,total_time,263692.062,
80,round.0.load,1048576,
80,round.0.load_balancing_time,2.43354201,
80,round.0.advection_time,46310.7188,
80,round.0.communication_time,46546.3203,
80,round.0.time,92859.5156,
80,round.1.load,366401,
80,round.1.load_balancing_time,63.6174469,
80,round.1.advection_time,10419.0156,
80,round.1.communication_time,101932.344,
80,round.1.time,112414.992,
80,round.2.load,28111,
80,round.2.load_balancing_time,8.92444515,
80,round.2.advection_time,2041.94348,
80,round.2.communication_time,55578.793,
80,round.2.time,57629.6914,
80,round.3.load,3639,
80,round.3.load_balancing_time,3.13409996,
80,round.3.advection_time,482.164246,
80,round.3.communication_time,183.132614,
80,round.3.time,668.45813,
80,round.4.load,0,
80,round.4.load_balancing_time,0.151709005,
80,round.4.advection_time,25.7777386,
80,round.4.communication_time,93.1858597,
80,round.4.time,119.120537,
80,round.5.load,0,
80,round.5.load_balancing_time,0.0294509996,
80,round.5.advection_time,0.00310399989,
80,round.5.communication_time,0.183348,
80,round.5.time,0.218526006,
80,total_time,263692.062,
81,round.0.load,1048576,
81,round.0.load_balancing_time,51.0108109,
81,round.0.advection_time,42583.1055,
81,round.0.communication_time,50225.3867,
81,round.0.time,92859.5234,
81,round.1.load,32561,
81,round.1.load_balancing_time,74.1935883,
81,round.1.advection_time,11887.8301,
81,round.1.communication_time,100453.039,
81,round.1.time,112415.133,
81,round.2.load,23844,
81,round.2.load_balancing_time,11.6589918,
81,round.2.advection_time,58.4192657,
81,round.2.communication_time,57559.5352,
81,round.2.time,57629.6289,
81,round.3.load,0,
81,round.3.load_balancing_time,0.777242005,
81,round.3.advection_time,83.5759201,
81,round.3.communication_time,584.061646,
81,round.3.time,668.423889,
81,round.4.load,0,
81,round.4.load_balancing_time,0.0631589964,
81,round.4.advection_time,0.00917099975,
81,round.4.communication_time,119.044861,
81,round.4.time,119.119522,
81,round.5.load,0,
81,round.5.load_balancing_time,0.0382610001,
81,round.5.advection_time,0.00169900001,
81,round.5.communication_time,0.178475007,
81,round.5.time,0.220155999,
81,total_time,263692.094,
82,round.0.load,1048576,
82,round.0.load_balancing_time,51.4280319,
82,round.0.advection_time,43548.8828,
82,round.0.communication_time,49259.1914,
82,round.0.time,92859.5391,
82,round.1.load,138729,
82,round.1.load_balancing_time,72.3246994,
82,round.1.advection_time,3310.87183,
82,round.1.communication_time,109031.766,
82,round.1.time,112415,
82,round.2.load,0,
82,round.2.load_balancing_time,3.44534492,
82,round.2.advection_time,658.661316,
82,round.2.communication_time,56967.5312,
82,round.2.time,57629.6758,
82,round.3.load,0,
82,round.3.load_balancing_time,0.166663006,
82,round.3.advection_time,0.0642009974,
82,round.3.communication_time,668.176819,
82,round.3.time,668.419067,
82,round.4.load,0,
82,round.4.load_balancing_time,0.0542110018,
82,round.4.advection_time,0.00255799992,
82,round.4.communication_time,119.030777,
82,round.4.time,119.091774,
82,round.5.load,0,
82,round.5.load_balancing_time,0.0410449989,
82,round.5.advection_time,0.00167300005,
82,round.5.communication_time,0.175293997,
82,round.5.time,0.219812006,
82,total_time,263692.031,
83,round.0.load,1048576,
83,round.0.load_balancing_time,2.63472605,
83,round.0.advection_time,46810.9141,
83,round.0.communication_time,46045.9414,
83,round.0.time,92859.5234,
83,round.1.load,222571,
83,round.1.load_balancing_time,24.0109768,
83,round.1.advection_time,3990.03906,
83,round.1.communication_time,108400.969,
83,round.1.time,112415.062,
83,round.2.load,0,
83,round.2.load_balancing_time,0.120434999,
83,round.2.advection_time,0.060527999,
83,round.2.communication_time,57629.4453,
83,round.2.time,57629.6602,
83,round.3.load,0,
83,round.3.load_balancing_time,0.167241007,
83,round.3.advection_time,0.0101810005,
83,round.3.communication_time,668.193787,
83,round.3.time,668.384949,
83,round.4.load,0,
83,round.4.load_balancing_time,0.0612769984,
83,round.4.advection_time,0.00235199998,
83,round.4.communication_time,119.030159,
83,round.4.time,119.099113,
83,round.5.load,0,
83,round.5.load_balancing_time,0.0369109996,
83,round.5.advection_time,0.00138300005,
83,round.5.communication_time,0.179710001,
83,round.5.time,0.219679996,
83,total_time,263692.031,
84,round.0.load,1048576,
84,round.0.load_balancing_time,51.1798515,
84,round.0.advection_time,42622.25,
84,round.0.communication_time,50186.0391,
84,round.0.time,92859.5,
84,round.1.load,328301,
84,round.1.load_balancing_time,69.2284088,
84,round.1.advection_time,35079.5117,
84,round.1.communication_time,77266.2656,
84,round.1.time,112415.039,
84,round.2.load,51644,
84,round.2.load_balancing_time,17.3579674,
84,round.2.advection_time,5255.31934,
84,round.2.communication_time,52356.9805,
84,round.2.time,57629.6719,
84,round.3.load,24471,
84,round.3.load_balancing_time,2.91281891,
84,round.3.advection_time,0.0220199991,
84,round.3.communication_time,665.495239,
84,round.3.time,668.438354,
84,round.4.load,739,
84,round.4.load_balancing_time,0.143978998,
84,round.4.advection_time,0.00354199996,
84,round.4.communication_time,118.970428,
84,round.4.time,119.120895,
84,round.5.load,0,
84,round.5.load_balancing_time,0.0347700007,
84,round.5.advection_time,0.00180900004,
84,round.5.communication_time,0.181491002,
84,round.5.time,0.220045,
84,total_time,263692.031,
85,round.0.load,1048576,
85,round.0.load_balancing_time,56.2935905,
85,round.0.advection_time,48626.6055,
85,round.0.communication_time,44176.6133,
85,round.0.time,92859.5469,
85,round.1.load,556217,
85,round.1.load_balancing_time,61.8336411,
85,round.1.advection_time,1.31728494,
85,round.1.communication_time,112351.93,
85,round.1.time,112415.156,
85,round.2.load,82862,
85,round.2.load_balancing_time,12.2127438,
85,round.2.advection_time,374.286987,
85,round.2.communication_time,57243.1133,
85,round.2.time,57629.6445,
85,round.3.load,3289,
85,round.3.load_balancing_time,2.8525219,
85,round.3.advection_time,130.460968,
85,round.3.communication_time,535.058472,
85,round.3.time,668.398621,
85,round.4.load,0,
85,round.4.load_balancing_time,0.123898,
85,round.4.advection_time,1.28860795,
85,round.4.communication_time,117.689468,
85,round.4.time,119.105576,
85,round.5.load,0,
85,round.5.load_balancing_time,0.0399970002,
85,round.5.advection_time,0.00304899993,
85,round.5.communication_time,0.174519002,
85,round.5.time,0.219633996,
85,total_time,263692.125,
86,round.0.load,1048576,
86,round.0.load_balancing_time,56.7042542,
86,round.0.advection_time,35334.7383,
86,round.0.communication_time,57468.0586,
86,round.0.time,92859.5391,
86,round.1.load,72642,
86,round.1.load_balancing_time,65.3144226,
86,round.1.advection_time,9284.39746,
86,round.1.communication_time,103065.289,
86,round.1.time,112415.023,
86,round.2.load,15,
86,round.2.load_balancing_time,8.66375542,
86,round.2.advection_time,194.075027,
86,round.2.communication_time,57426.9453,
86,round.2.time,57629.6914,
86,round.3.load,0,
86,round.3.load_balancing_time,0.561177015,
86,round.3.advection_time,6.78751802,
86,round.3.communication_time,661.088379,
86,round.3.time,668.442749,
86,round.4.load,0,
86,round.4.load_balancing_time,0.0608609989,
86,round.4.advection_time,0.00412799977,
86,round.4.communication_time,119.027473,
86,round.4.time,119.094864,
86,round.5.load,0,
86,round.5.load_balancing_time,0.0430009998,
86,round.5.advection_time,0.00232299999,
86,round.5.communication_time,0.172727004,
86,round.5.time,0.219925001,
86,total_time,263692.062,
87,round.0.load,1048576,
87,round.0.load_balancing_time,51.1164627,
87,round.0.advection_time,46748.793,
87,round.0.communication_time,46059.5625,
87,round.0.time,92859.5,
87,round.1.load,136,
87,round.1.load_balancing_time,21.4208603,
87,round.1.advection_time,6657.7832,
87,round.1.communication_time,105735.828,
87,round.1.time,112415.07,
87,round.2.load,0,
87,round.2.load_balancing_time,0.176645994,
87,round.2.advection_time,0.238083005,
87,round.2.communication_time,57629.2656,
87,round.2.time,57629.7031,
87,round.3.load,0,
87,round.3.load_balancing_time,0.132877007,
87,round.3.advection_time,0.00901500043,
87,round.3.communication_time,668.175842,
87,round.3.time,668.351624,
87,round.4.load,0,
87,round.4.load_balancing_time,0.064429,
87,round.4.advection_time,0.0127130002,
87,round.4.communication_time,119.011177,
87,round.4.time,119.094833,
87,round.5.load,0,
87,round.5.load_balancing_time,0.0347479992,
87,round.5.advection_time,0.00135799998,
87,round.5.communication_time,0.175632998,
87,round.5.time,0.215474993,
87,total_time,263692.031,
88,round.0.load,1048576,
88,round.0.load_balancing_time,51.678627,
88,round.0.advection_time,52191.3984,
88,round.0.communication_time,40616.3984,
88,round.0.time,92859.5078,
88,round.1.load,206950,
88,round.1.load_balancing_time,68.0923615,
88,round.1.advection_time,30602.4922,
88,round.1.communication_time,81744.4219,
88,round.1.time,112415.031,
88,round.2.load,56835,
88,round.2.load_balancing_time,8.52054691,
88,round.2.advection_time,0.230180994,
88,round.2.communication_time,57620.9219,
88,round.2.time,57629.6797,
88,round.3.load,108,
88,round.3.load_balancing_time,3.18359494,
88,round.3.advection_time,405.603638,
88,round.3.communication_time,259.664734,
88,round.3.time,668.464905,
88,round.4.load,22,
88,round.4.load_balancing_time,0.153622001,
88,round.4.advection_time,24.4736271,
88,round.4.communication_time,94.4887543,
88,round.4.time,119.121262,
88,round.5.load,0,
88,round.5.load_balancing_time,0.0367560014,
88,round.5.advection_time,0.00419900008,
88,round.5.communication_time,0.173997,
88,round.5.time,0.217871994,
88,total_time,263692.062,
89,round.0.load,1048576,
89,round.0.load_balancing_time,57.3128052,
89,round.0.advection_time,69245.3984,
89,round.0.communication_time,23556.7676,
89,round.0.time,92859.5156,
89,round.1.load,308789,
89,round.1.load_balancing_time,67.8967209,
89,round.1.advection_time,10921.9795,
89,round.1.communication_time,101425.148,
89,round.1.time,112415.055,
89,round.2.load,166,
89,round.2.load_balancing_time,11.0451641,
89,round.2.advection_time,3767.77783,
89,round.2.communication_time,53850.8281,
89,round.2.time,57629.6875,
89,round.3.load,32,
89,round.3.load_balancing_time,0.548205972,
89,round.3.advection_time,7.18413687,
89,round.3.communication_time,660.648743,
89,round.3.time,668.391052,
89,round.4.load,0,
89,round.4.load_balancing_time,0.0819500014,
89,round.4.advection_time,0.536891997,
89,round.4.communication_time,118.499802,
89,round.4.time,119.121536,
89,round.5.load,0,
89,round.5.load_balancing_time,0.0393150002,
89,round.5.advection_time,0.00253499998,
89,round.5.communication_time,0.175575003,
89,round.5.time,0.219531998,
89,total_time,263692.062,
90,round.0.load,1048576,
90,round.0.load_balancing_time,57.4305153,
90,round.0.advection_time,26130.043,
90,round.0.communication_time,66672.0391,
90,round.0.time,92859.5547,
90,round.1.load,26,
90,round.1.load_balancing_time,40.1951103,
90,round.1.advection_time,1745.60767,
90,round.1.communication_time,110629.141,
90,round.1.time,112414.969,
90,round.2.load,1,
90,round.2.load_balancing_time,0.285528988,
90,round.2.advection_time,1.06094801,
90,round.2.communication_time,57628.3203,
90,round.2.time,57629.6836,
90,round.3.load,0,
90,round.3.load_balancing_time,0.238444999,
90,round.3.advection_time,0.0117229996,
90,round.3.communication_time,668.2099,
90,round.3.time,668.470947,
90,round.4.load,0,
90,round.4.load_balancing_time,0.0434730016,
90,round.4.advection_time,0.0031010001,
90,round.4.communication_time,119.026978,
90,round.4.time,119.07695,
90,round.5.load,0,
90,round.5.load_balancing_time,0.0432539992,
90,round.5.advection_time,0.00213099993,
90,round.5.communication_time,0.172089994,
90,round.5.time,0.219329998,
90,total_time,263692.031,
91,round.0.load,1048576,
91,round.0.load_balancing_time,51.6612778,
91,round.0.advection_time,44983.1797,
91,round.0.communication_time,47824.6641,
91,round.0.time,92859.5391,
91,round.1.load,0,
91,round.1.load_balancing_time,0.244385004,
91,round.1.advection_time,6.7403779,
91,round.1.communication_time,112407.836,
91,round.1.time,112414.844,
91,round.2.load,0,
91,round.2.load_balancing_time,0.199847996,
91,round.2.advection_time,0.0256760009,
91,round.2.communication_time,57629.4531,
91,round.2.time,57629.6875,
91,round.3.load,0,
91,round.3.load_balancing_time,0.219330996,
91,round.3.advection_time,0.00350799994,
91,round.3.communication_time,668.199036,
91,round.3.time,668.429321,
91,round.4.load,0,
91,round.4.load_balancing_time,0.0799719989,
91,round.4.advection_time,0.00217700005,
91,round.4.communication_time,119.037872,
91,round.4.time,119.123184,
91,round.5.load,0,
91,round.5.load_balancing_time,0.146412,
91,round.5.advection_time,0.00134399999,
91,round.5.communication_time,0.0704220012,
91,round.5.time,0.219871998,
91,total_time,263691.906,
92,round.0.load,1048576,
92,round.0.load_balancing_time,2.54966688,
92,round.0.advection_time,45825.5391,
92,round.0.communication_time,47031.3828,
92,round.0.time,92859.5,
92,round.1.load,265298,
92,round.1.load_balancing_time,45.5882416,
92,round.1.advection_time,7842.06641,
92,round.1.communication_time,104527.312,
92,round.1.time,112414.992,
92,round.2.load,0,
92,round.2.load_balancing_time,6.69849014,
92,round.2.advection_time,1661.97327,
92,round.2.communication_time,55961.0273,
92,round.2.time,57629.7305,
92,round.3.load,0,
92,round.3.load_balancing_time,0.180689007,
92,round.3.advection_time,3.16138196,
92,round.3.communication_time,665.077759,
92,round.3.time,668.43573,
92,round.4.load,0,
92,round.4.load_balancing_time,0.0433910005,
92,round.4.advection_time,0.624239981,
92,round.4.communication_time,118.429749,
92,round.4.time,119.099945,
92,round.5.load,0,
92,round.5.load_balancing_time,0.032988999,
92,round.5.advection_time,0.00182,
92,round.5.communication_time,0.182871997,
92,round.5.time,0.219670996,
92,total_time,263692.031,
93,round.0.load,1048576,
93,round.0.load_balancing_time,51.6916275,
93,round.0.advection_time,43273.5508,
93,round.0.communication_time,49534.2578,
93,round.0.time,92859.5312,
93,round.1.load,4740,
93,round.1.load_balancing_time,51.2743416,
93,round.1.advection_time,15860.2002,
93,round.1.communication_time,96503.5703,
93,round.1.time,112415.086,
93,round.2.load,0,
93,round.2.load_balancing_time,0.216057003,
93,round.2.advection_time,2.15277505,
93,round.2.communication_time,57627.25,
93,round.2.time,57629.6328,
93,round.3.load,0,
93,round.3.load_balancing_time,0.189450994,
93,round.3.advection_time,0.391835988,
93,round.3.communication_time,667.807617,
93,round.3.time,668.394409,
93,round.4.load,0,
93,round.4.load_balancing_time,0.058180999,
93,round.4.advection_time,0.00253699999,
93,round.4.communication_time,119.047485,
93,round.4.time,119.110695,
93,round.5.load,0,
93,round.5.load_balancing_time,0.033631999,
93,round.5.advection_time,0.00185600005,
93,round.5.communication_time,0.181703001,
93,round.5.time,0.218994007,
93,total_time,263692.031,
94,round.0.load,1048576,
94,round.0.load_balancing_time,51.6477928,
94,round.0.advection_time,44854.4414,
94,round.0.communication_time,47953.3945,
94,round.0.time,92859.5078,
94,round.1.load,0,
94,round.1.load_balancing_time,0.646382987,
94,round.1.advection_time,237.94368,
94,round.1.communication_time,112176.422,
94,round.1.time,112415.031,
94,round.2.load,0,
94,round.2.load_balancing_time,0.213878006,
94,round.2.advection_time,0.052747,
94,round.2.communication_time,57629.4062,
94,round.2.time,57629.6875,
94,round.3.load,0,
94,round.3.load_balancing_time,0.201159999,
94,round.3.advection_time,0.00951400027,
94,round.3.communication_time,668.234009,
94,round.3.time,668.457642,
94,round.4.load,0,
94,round.4.load_balancing_time,0.049589999,
94,round.4.advection_time,0.00347499992,
94,round.4.communication_time,119.03936,
94,round.4.time,119.094528,
94,round.5.load,0,
94,round.5.load_balancing_time,0.0331420004,
94,round.5.advection_time,0.00162300002,
94,round.5.communication_time,0.181501999,
94,round.5.time,0.218137994,
94,total_time,263692.062,
95,round.0.load,1048576,
95,round.0.load_balancing_time,2.416924,
95,round.0.advection_time,47224.4492,
95,round.0.communication_time,45632.6484,
95,round.0.time,92859.5469,
95,round.1.load,0,
95,round.1.load_balancing_time,0.146674007,
95,round.1.advection_time,0.00885600038,
95,round.1.communication_time,112414.898,
95,round.1.time,112415.086,
95,round.2.load,0,
95,round.2.load_balancing_time,0.104052,
95,round.2.advection_time,0.013944,
95,round.2.communication_time,57629.5273,
95,round.2.time,57629.6719,
95,round.3.load,0,
95,round.3.load_balancing_time,0.105985001,
95,round.3.advection_time,0.00818399992,
95,round.3.communication_time,668.177368,
95,round.3.time,668.332642,
95,round.4.load,0,
95,round.4.load_balancing_time,0.0636069998,
95,round.4.advection_time,0.00324200001,
95,round.4.communication_time,119.050125,
95,round.4.time,119.120903,
95,round.5.load,0,
95,round.5.load_balancing_time,0.0280719995,
95,round.5.advection_time,0.00149199995,
95,round.5.communication_time,0.187273994,
95,round.5.time,0.218881994,
95,total_time,263692.062,
96,round.0.load,1048576,
96,round.0.load_balancing_time,2.46087289,
96,round.0.advection_time,44729.7891,
96,round.0.communication_time,48127.8047,
96,round.0.time,92860.0938,
96,round.1.load,372314,
96,round.1.load_balancing_time,43.9912605,
96,round.1.advection_time,14176.3174,
96,round.1.communication_time,98194.0703,
96,round.1.time,112414.391,
96,round.2.load,89749,
96,round.2.load_balancing_time,17.4115162,
96,round.2.advection_time,3499.30933,
96,round.2.communication_time,54112.9375,
96,round.2.time,57629.6758,
96,round.3.load,310,
96,round.3.load_balancing_time,0.792994022,
96,round.3.advection_time,118.186058,
96,round.3.communication_time,549.491272,
96,round.3.time,668.479309,
96,round.4.load,0,
96,round.4.load_balancing_time,0.0543479994,
96,round.4.advection_time,0.00749700004,
96,round.4.communication_time,119.056213,
96,round.4.time,119.121002,
96,round.5.load,0,
96,round.5.load_balancing_time,0.0302099995,
96,round.5.advection_time,0.00150500005,
96,round.5.communication_time,0.186942995,
96,round.5.time,0.220283002,
96,total_time,263692.031,
97,round.0.load,1048576,
97,round.0.load_balancing_time,2.63080907,
97,round.0.advection_time,42943.5,
97,round.0.communication_time,49913.3164,
97,round.0.time,92859.4688,
97,round.1.load,159439,
97,round.1.load_balancing_time,60.4396858,
97,round.1.advection_time,12388.9795,
97,round.1.communication_time,99965.5625,
97,round.1.time,112415.031,
97,round.2.load,5944,
97,round.2.load_balancing_time,9.97810268,
97,round.2.advection_time,2714.93994,
97,round.2.communication_time,54904.6953,
97,round.2.time,57629.6445,
97,round.3.load,0,
97,round.3.load_balancing_time,0.205199003,
97,round.3.advection_time,2.60737395,
97,round.3.communication_time,665.573181,
97,round.3.time,668.394775,
97,round.4.load,0,
97,round.4.load_balancing_time,0.0717950016,
97,round.4.advection_time,0.0046819998,
97,round.4.communication_time,119.043015,
97,round.4.time,119.121628,
97,round.5.load,0,
97,round.5.load_balancing_time,0.0396570005,
97,round.5.advection_time,0.00152699999,
97,round.5.communication_time,0.177157998,
97,round.5.time,0.219962001,
97,total_time,263691.938,
98,round.0.load,1048576,
98,round.0.load_balancing_time,2.69270706,
98,round.0.advection_time,43226.0234,
98,round.0.communication_time,49630.7617,
98,round.0.time,92859.5,
98,round.1.load,201891,
98,round.1.load_balancing_time,42.0099106,
98,round.1.advection_time,3676.61963,
98,round.1.communication_time,108696.383,
98,round.1.time,112415.031,
98,round.2.load,0,
98,round.2.load_balancing_time,1.05097306,
98,round.2.advection_time,142.665955,
98,round.2.communication_time,57485.9609,
98,round.2.time,57629.6914,
98,round.3.load,0,
98,round.3.load_balancing_time,0.183116004,
98,round.3.advection_time,0.00746099977,
98,round.3.communication_time,668.25061,
98,round.3.time,668.446289,
98,round.4.load,0,
98,round.4.load_balancing_time,0.0504069999,
98,round.4.advection_time,0.00265799998,
98,round.4.communication_time,119.037079,
98,round.4.time,119.0923,
98,round.5.load,0,
98,round.5.load_balancing_time,0.0361919999,
98,round.5.advection_time,0.00173300004,
98,round.5.communication_time,0.180080995,
98,round.5.time,0.219901994,
98,total_time,263692.031,
99,round.0.load,1048576,
99,round.0.load_balancing_time,2.53011203,
99,round.0.advection_time,44846.5547,
99,round.0.communication_time,48010.4102,
99,round.0.time,92859.5234,
99,round.1.load,191513,
99,round.1.load_balancing_time,17.5406818,
99,round.1.advection_time,5260.93408,
99,round.1.communication_time,107136.523,
99,round.1.time,112415.023,
99,round.2.load,0,
99,round.2.load_balancing_time,0.205715001,
99,round.2.advection_time,0.0152000003,
99,round.2.communication_time,57629.4844,
99,round.2.time,57629.7109,
99,round.3.load,0,
99,round.3.load_balancing_time,0.189566001,
99,round.3.advection_time,0.00338999997,
99,round.3.communication_time,668.200378,
99,round.3.time,668.39801,
99,round.4.load,0,
99,round.4.load_balancing_time,0.0753929988,
99,round.4.advection_time,0.002752,
99,round.4.communication_time,119.04213,
99,round.4.time,119.122787,
99,round.5.load,0,
99,round.5.load_balancing_time,0.0327109993,
99,round.5.advection_time,0.00146499998,
99,round.5.communication_time,0.183091,
99,round.5.time,0.219264001,
99,total_time,263692.031,
100,round.0.load,1048576,
100,round.0.load_balancing_time,2.60529304,
100,round.0.advection_time,40050.8477,
100,round.0.communication_time,52806.0117,
100,round.0.time,92859.4922,
100,round.1.load,498584,
100,round.1.load_balancing_time,67.4949875,
100,round.1.advection_time,9511.90723,
100,round.1.communication_time,102835.602,
100,round.1.time,112415.047,
100,round.2.load,148700,
100,round.2.load_balancing_time,16.8027802,
100,round.2.advection_time,0.0701249987,
100,round.2.communication_time,57612.7812,
100,round.2.time,57629.6875,
100,round.3.load,2429,
100,round.3.load_balancing_time,2.67556596,
100,round.3.advection_time,0.0400409997,
100,round.3.communication_time,665.684814,
100,round.3.time,668.411926,
100,round.4.load,0,
100,round.4.load_balancing_time,0.141866997,
100,round.4.advection_time,0.00253199995,
100,round.4.communication_time,118.975563,
100,round.4.time,119.12252,
100,round.5.load,0,
100,round.5.load_balancing_time,0.0353390016,
100,round.5.advection_time,0.00153799995,
100,round.5.communication_time,0.181243002,
100,round.5.time,0.219855994,
100,total_time,263692.031,
101,round.0.load,1048576,
101,round.0.load_balancing_time,50.720665,
101,round.0.advection_time,40005.043,
101,round.0.communication_time,52803.7266,
101,round.0.time,92859.5156,
101,round.1.load,309991,
101,round.1.load_balancing_time,73.1589966,
101,round.1.advection_time,10463.5088,
101,round.1.communication_time,101878.383,
101,round.1.time,112415.125,
101,round.2.load,12011,
101,round.2.load_balancing_time,19.25951,
101,round.2.advection_time,6484.65771,
101,round.2.communication_time,51125.6758,
101,round.2.time,57629.6289,
101,round.3.load,0,
101,round.3.load_balancing_time,0.635622978,
101,round.3.advection_time,86.307251,
101,round.3.communication_time,581.398987,
101,round.3.time,668.397034,
101,round.4.load,0,
101,round.4.load_balancing_time,0.0608570017,
101,round.4.advection_time,0.0176509991,
101,round.4.communication_time,119.016403,
101,round.4.time,119.104088,
101,round.5.load,0,
101,round.5.load_balancing_time,0.039526999,
101,round.5.advection_time,0.0023670001,
101,round.5.communication_time,0.174952999,
101,round.5.time,0.218859002,
101,total_time,263692.062,
102,round.0.load,1048576,
102,round.0.load_balancing_time,51.0859756,
102,round.0.advection_time,31096.0312,
102,round.0.communication_time,61712.3789,
102,round.0.time,92859.5312,
102,round.1.load,12749,
102,round.1.load_balancing_time,44.8680458,
102,round.1.advection_time,7135.71533,
102,round.1.communication_time,105234.383,
102,round.1.time,112415,
102,round.2.load,0,
102,round.2.load_balancing_time,1.60406399,
102,round.2.advection_time,0.787980974,
102,round.2.communication_time,57627.2695,
102,round.2.time,57629.6797,
102,round.3.load,0,
102,round.3.load_balancing_time,0.201043993,
102,round.3.advection_time,0.00772400014,
102,round.3.communication_time,668.22229,
102,round.3.time,668.437012,
102,round.4.load,0,
102,round.4.load_balancing_time,0.0635240003,
102,round.4.advection_time,0.00439599995,
102,round.4.communication_time,119.02623,
102,round.4.time,119.096275,
102,round.5.load,0,
102,round.5.load_balancing_time,0.0382630005,
102,round.5.advection_time,0.00190999999,
102,round.5.communication_time,0.178161994,
102,round.5.time,0.220070004,
102,total_time,263692.031,
103,round.0.load,1048576,
103,round.0.load_balancing_time,2.67161393,
103,round.0.advection_time,47049.0469,
103,round.0.communication_time,45807.7734,
103,round.0.time,92859.5156,
103,round.1.load,0,
103,round.1.load_balancing_time,14.6238642,
103,round.1.advection_time,3552.85547,
103,round.1.communication_time,108847.586,
103,round.1.time,112415.102,
103,round.2.load,0,
103,round.2.load_balancing_time,0.131064996,
103,round.2.advection_time,0.0720829964,
103,round.2.communication_time,57629.4297,
103,round.2.time,57629.6602,
103,round.3.load,0,
103,round.3.load_balancing_time,0.143482998,
103,round.3.advection_time,0.0129650002,
103,round.3.communication_time,668.174988,
103,round.3.time,668.3573,
103,round.4.load,0,
103,round.4.load_balancing_time,0.084859997,
103,round.4.advection_time,0.00419999985,
103,round.4.communication_time,119.02832,
103,round.4.time,119.122826,
103,round.5.load,0,
103,round.5.load_balancing_time,0.147600994,
103,round.5.advection_time,0.00133600004,
103,round.5.communication_time,0.0690779984,
103,round.5.time,0.219777003,
103,total_time,263692.031,
104,round.0.load,1048576,
104,round.0.load_balancing_time,2.69471788,
104,round.0.advection_time,40356.7148,
104,round.0.communication_time,52500.0781,
104,round.0.time,92859.5156,
104,round.1.load,498690,
104,round.1.load_balancing_time,63.2335167,
104,round.1.advection_time,0.0241889991,
104,round.1.communication_time,112351.742,
104,round.1.time,112415.023,
104,round.2.load,75800,
104,round.2.load_balancing_time,17.4747887,
104,round.2.advection_time,1642.07385,
104,round.2.communication_time,55970.0977,
104,round.2.time,57629.6836,
104,round.3.load,0,
104,round.3.load_balancing_time,0.511638999,
104,round.3.advection_time,103.454903,
104,round.3.communication_time,564.45166,
104,round.3.time,668.432007,
104,round.4.load,0,
104,round.4.load_balancing_time,0.0734310001,
104,round.4.advection_time,0.00795200001,
104,round.4.communication_time,119.031639,
104,round.4.time,119.117134,
104,round.5.load,0,
104,round.5.load_balancing_time,0.035236001,
104,round.5.advection_time,0.00162500003,
104,round.5.communication_time,0.181345001,
104,round.5.time,0.220234007,
104,total_time,263692.062,
105,round.0.load,1048576,
105,round.0.load_balancing_time,51.6959114,
105,round.0.advection_time,60103.082,
105,round.0.communication_time,32704.7031,
105,round.0.time,92859.5078,
105,round.1.load,180227,
105,round.1.load_balancing_time,75.2418671,
105,round.1.advection_time,20534.7832,
105,round.1.communication_time,91805.0078,
105,round.1.time,112415.109,
105,round.2.load,1,
105,round.2.load_balancing_time,10.4376736,
105,round.2.advection_time,1883.28674,
105,round.2.communication_time,55735.8516,
105,round.2.time,57629.5977,
105,round.3.load,0,
105,round.3.load_balancing_time,0.239297003,
105,round.3.advection_time,0.622300982,
105,round.3.communication_time,667.559326,
105,round.3.time,668.427673,
105,round.4.load,0,
105,round.4.load_balancing_time,0.0859000012,
105,round.4.advection_time,0.00334400008,
105,round.4.communication_time,119.030983,
105,round.4.time,119.122459,
105,round.5.load,0,
105,round.5.load_balancing_time,0.0374619998,
105,round.5.advection_time,0.00203200011,
105,round.5.communication_time,0.178509995,
105,round.5.time,0.219707996,
105,total_time,263692.031,
106,round.0.load,1048576,
106,round.0.load_balancing_time,51.6606064,
106,round.0.advection_time,29547.0742,
106,round.0.communication_time,63260.7617,
106,round.0.time,92859.5312,
106,round.1.load,0,
106,round.1.load_balancing_time,17.1167831,
106,round.1.advection_time,455.453796,
106,round.1.communication_time,111942.219,
106,round.1.time,112414.812,
106,round.2.load,0,
106,round.2.load_balancing_time,0.226698995,
106,round.2.advection_time,0.0500210002,
106,round.2.communication_time,57629.3281,
106,round.2.time,57629.6172,
106,round.3.load,0,
106,round.3.load_balancing_time,0.176716998,
106,round.3.advection_time,0.00763599994,
106,round.3.communication_time,668.277039,
106,round.3.time,668.467468,
106,round.4.load,0,
106,round.4.load_balancing_time,0.0396310017,
106,round.4.advection_time,0.00301799993,
106,round.4.communication_time,119.025406,
106,round.4.time,119.070305,
106,round.5.load,0,
106,round.5.load_balancing_time,0.154061005,
106,round.5.advection_time,0.00211400003,
106,round.5.communication_time,0.0617970005,
106,round.5.time,0.219891995,
106,total_time,263691.781,
107,round.0.load,1048576,
107,round.0.load_balancing_time,2.57359195,
107,round.0.advection_time,43411.5938,
107,round.0.communication_time,49445.3633,
107,round.0.time,92859.5547,
107,round.1.load,0,
107,round.1.load_balancing_time,0.206239998,
107,round.1.advection_time,0.0039929999,
107,round.1.communication_time,112414.805,
107,round.1.time,112415.039,
107,round.2.load,0,
107,round.2.load_balancing_time,0.179787993,
107,round.2.advection_time,0.0160930008,
107,round.2.communication_time,57629.4805,
107,round.2.time,57629.6836,
107,round.3.load,0,
107,round.3.load_balancing_time,0.193000004,
107,round.3.advection_time,0.00404600007,
107,round.3.communication_time,668.200989,
107,round.3.time,668.404541,
107,round.4.load,0,
107,round.4.load_balancing_time,0.0866080001,
107,round.4.advection_time,0.00218100008,
107,round.4.communication_time,119.032402,
107,round.4.time,119.123383,
107,round.5.load,0,
107,round.5.load_balancing_time,0.161412999,
107,round.5.advection_time,0.00131399999,
107,round.5.communication_time,0.0550549999,
107,round.5.time,0.219587997,
107,total_time,263692.062,
108,round.0.load,1048576,
108,round.0.load_balancing_time,2.53953004,
108,round.0.advection_time,44827.2852,
108,round.0.communication_time,48029.6445,
108,round.0.time,92859.5,
108,round.1.load,191553,
108,round.1.load_balancing_time,69.7135315,
108,round.1.advection_time,11296.8418,
108,round.1.communication_time,101048.43,
108,round.1.time,112415,
108,round.2.load,0,
108,round.2.load_balancing_time,9.59236145,
108,round.2.advection_time,1764.70166,
108,round.2.communication_time,55855.4062,
108,round.2.time,57629.7109,
108,round.3.load,0,
108,round.3.load_balancing_time,0.212118998,
108,round.3.advection_time,0.00711499993,
108,round.3.communication_time,668.215088,
108,round.3.time,668.44043,
108,round.4.load,0,
108,round.4.load_balancing_time,0.068434,
108,round.4.advection_time,0.0022799999,
108,round.4.communication_time,119.050201,
108,round.4.time,119.122993,
108,round.5.load,0,
108,round.5.load_balancing_time,0.0317509994,
108,round.5.advection_time,0.00128700002,
108,round.5.communication_time,0.185306996,
108,round.5.time,0.220093995,
108,total_time,263692.031,
109,round.0.load,1048576,
109,round.0.load_balancing_time,2.72867608,
109,round.0.advection_time,42800.2852,
109,round.0.communication_time,50056.4805,
109,round.0.time,92859.5234,
109,round.1.load,0,
109,round.1.load_balancing_time,25.5828152,
109,round.1.advection_time,13057.3408,
109,round.1.communication_time,99332.1016,
109,round.1.time,112415.062,
109,round.2.load,0,
109,round.2.load_balancing_time,0.142563999,
109,round.2.advection_time,0.104087003,
109,round.2.communication_time,57629.3633,
109,round.2.time,57629.6328,
109,round.3.load,0,
109,round.3.load_balancing_time,0.176382005,
109,round.3.advection_time,0.00428099977,
109,round.3.communication_time,668.221802,
109,round.3.time,668.408997,
109,round.4.load,0,
109,round.4.load_balancing_time,0.0603759997,
109,round.4.advection_time,0.00444300007,
109,round.4.communication_time,119.039894,
109,round.4.time,119.107239,
109,round.5.load,0,
109,round.5.load_balancing_time,0.0314389989,
109,round.5.advection_time,0.00153899996,
109,round.5.communication_time,0.184645995,
109,round.5.time,0.219400004,
109,total_time,263692,
110,round.0.load,1048576,
110,round.0.load_balancing_time,2.55624509,
110,round.0.advection_time,42849.9102,
110,round.0.communication_time,50006.9961,
110,round.0.time,92859.5,
110,round.1.load,0,
110,round.1.load_balancing_time,0.203428,
110,round.1.advection_time,0.00763199991,
110,round.1.communication_time,112414.82,
110,round.1.time,112415.055,
110,round.2.load,0,
110,round.2.load_balancing_time,0.185682997,
110,round.2.advection_time,0.0143130003,
110,round.2.communication_time,57629.4414,
110,round.2.time,57629.6758,
110,round.3.load,0,
110,round.3.load_balancing_time,0.170456007,
110,round.3.advection_time,0.0162840001,
110,round.3.communication_time,668.222534,
110,round.3.time,668.421936,
110,round.4.load,0,
110,round.4.load_balancing_time,0.0608789995,
110,round.4.advection_time,0.00368100009,
110,round.4.communication_time,119.030724,
110,round.4.time,119.097511,
110,round.5.load,0,
110,round.5.load_balancing_time,0.0319910012,
110,round.5.advection_time,0.001544,
110,round.5.communication_time,0.184242994,
110,round.5.time,0.221779004,
110,total_time,263692.031,
111,round.0.load,1048576,
111,round.0.load_balancing_time,2.457582,
111,round.0.advection_time,46142.582,
111,round.0.communication_time,46714.4844,
111,round.0.time,92859.5547,
111,round.1.load,0,
111,round.1.load_balancing_time,0.132780999,
111,round.1.advection_time,0.00968000013,
111,round.1.communication_time,112414.859,
111,round.1.time,112415.039,
111,round.2.load,0,
111,round.2.load_balancing_time,0.140071005,
111,round.2.advection_time,0.0139870001,
111,round.2.communication_time,57629.5078,
111,round.2.time,57629.6875,
111,round.3.load,0,
111,round.3.load_balancing_time,0.118364997,
111,round.3.advection_time,0.0061590001,
111,round.3.communication_time,668.160278,
111,round.3.time,668.341736,
111,round.4.load,0,
111,round.4.load_balancing_time,0.0713429973,
111,round.4.advection_time,0.00227200007,
111,round.4.communication_time,119.045601,
111,round.4.time,119.12249,
111,round.5.load,0,
111,round.5.load_balancing_time,0.141047001,
111,round.5.advection_time,0.00134299998,
111,round.5.communication_time,0.0752509981,
111,round.5.time,0.219549999,
111,total_time,263692.062,
112,round.0.load,1048576,
112,round.0.load_balancing_time,2.50554991,
112,round.0.advection_time,43621.9258,
112,round.0.communication_time,49235.0469,
112,round.0.time,92859.5078,
112,round.1.load,383470,
112,round.1.load_balancing_time,50.1459427,
112,round.1.advection_time,6900.38379,
112,round.1.communication_time,105464.43,
112,round.1.time,112414.977,
112,round.2.load,109172,
112,round.2.load_balancing_time,16.6187019,
112,round.2.advection_time,0.00458800001,
112,round.2.communication_time,57613.043,
112,round.2.time,57629.6914,
112,round.3.load,0,
112,round.3.load_balancing_time,0.229635999,
112,round.3.advection_time,1.82984304,
112,round.3.communication_time,666.36377,
112,round.3.time,668.437561,
112,round.4.load,0,
112,round.4.load_balancing_time,0.0596899986,
112,round.4.advection_time,0.00827000011,
112,round.4.communication_time,119.051918,
112,round.4.time,119.122406,
112,round.5.load,0,
112,round.5.load_balancing_time,0.0267050005,
112,round.5.advection_time,0.00126399996,
112,round.5.communication_time,0.189890996,
112,round.5.time,0.219546005,
112,total_time,263692,
113,round.0.load,1048576,
113,round.0.load_balancing_time,2.49727798,
113,round.0.advection_time,64495.25,
113,round.0.communication_time,28361.7285,
113,round.0.time,92859.5078,
113,round.1.load,202839,
113,round.1.load_balancing_time,36.4758987,
113,round.1.advection_time,12055.2861,
113,round.1.communication_time,100323.258,
113,round.1.time,112415.047,
113,round.2.load,0,
113,round.2.load_balancing_time,12.059474,
113,round.2.advection_time,1755.7428,
113,round.2.communication_time,55861.8672,
113,round.2.time,57629.6992,
113,round.3.load,0,
113,round.3.load_balancing_time,0.173462003,
113,round.3.advection_time,0.0680970028,
113,round.3.communication_time,668.090576,
113,round.3.time,668.366211,
113,round.4.load,0,
113,round.4.load_balancing_time,0.0612699986,
113,round.4.advection_time,0.0026779999,
113,round.4.communication_time,119.051529,
113,round.4.time,119.117683,
113,round.5.load,0,
113,round.5.load_balancing_time,0.029352,
113,round.5.advection_time,0.00128099998,
113,round.5.communication_time,0.187712997,
113,round.5.time,0.220137,
113,total_time,263692.031,
114,round.0.load,1048576,
114,round.0.load_balancing_time,2.51085901,
114,round.0.advection_time,42371.3711,
114,round.0.communication_time,50485.6016,
114,round.0.time,92859.5312,
114,round.1.load,201744,
114,round.1.load_balancing_time,14.2703257,
114,round.1.advection_time,4338.74756,
114,round.1.communication_time,108061.945,
114,round.1.time,112415,
114,round.2.load,0,
114,round.2.load_balancing_time,0.144730002,
114,round.2.advection_time,0.0474690013,
114,round.2.communication_time,57629.4336,
114,round.2.time,57629.6602,
114,round.3.load,0,
114,round.3.load_balancing_time,0.152786002,
114,round.3.advection_time,0.01241,
114,round.3.communication_time,668.219604,
114,round.3.time,668.400085,
114,round.4.load,0,
114,round.4.load_balancing_time,0.0333379991,
114,round.4.advection_time,0.00342600001,
114,round.4.communication_time,119.046181,
114,round.4.time,119.08725,
114,round.5.load,0,
114,round.5.load_balancing_time,0.0268830005,
114,round.5.advection_time,0.00126499997,
114,round.5.communication_time,0.187393993,
114,round.5.time,0.217390001,
114,total_time,263691.969,
115,round.0.load,1048576,
115,round.0.load_balancing_time,2.57343698,
115,round.0.advection_time,62995.1953,
115,round.0.communication_time,29861.752,
115,round.0.time,92859.5469,
115,round.1.load,166887,
115,round.1.load_balancing_time,13.7959099,
115,round.1.advection_time,6358.47754,
115,round.1.communication_time,106042.789,
115,round.1.time,112415.078,
115,round.2.load,0,
115,round.2.load_balancing_time,0.150656,
115,round.2.advection_time,0.0349950008,
115,round.2.communication_time,57629.5,
115,round.2.time,57629.6992,
115,round.3.load,0,
115,round.3.load_balancing_time,0.179560006,
115,round.3.advection_time,0.00320399995,
115,round.3.communication_time,668.214478,
115,round.3.time,668.402344,
115,round.4.load,0,
115,round.4.load_balancing_time,0.0447649993,
115,round.4.advection_time,0.001957,
115,round.4.communication_time,119.055534,
115,round.4.time,119.104362,
115,round.5.load,0,
115,round.5.load_balancing_time,0.141567007,
115,round.5.advection_time,0.001055,
115,round.5.communication_time,0.0756310001,
115,round.5.time,0.219883993,
115,total_time,263692.094,
116,round.0.load,1048576,
116,round.0.load_balancing_time,2.54188395,
116,round.0.advection_time,40351.9258,
116,round.0.communication_time,52504.9961,
116,round.0.time,92859.4922,
116,round.1.load,201049,
116,round.1.load_balancing_time,54.1607246,
116,round.1.advection_time,21024.5605,
116,round.1.communication_time,91336.2812,
116,round.1.time,112415.023,
116,round.2.load,0,
116,round.2.load_balancing_time,17.9768562,
116,round.2.advection_time,1200.7926,
116,round.2.communication_time,56410.918,
116,round.2.time,57629.6992,
116,round.3.load,0,
116,round.3.load_balancing_time,0.610004008,
116,round.3.advection_time,0.0100959996,
116,round.3.communication_time,667.815186,
116,round.3.time,668.440369,
116,round.4.load,0,
116,round.4.load_balancing_time,0.0528730005,
116,round.4.advection_time,0.00236999989,
116,round.4.communication_time,119.065552,
116,round.4.time,119.123192,
116,round.5.load,0,
116,round.5.load_balancing_time,0.0306429993,
116,round.5.advection_time,0.00135799998,
116,round.5.communication_time,0.185947001,
116,round.5.time,0.219804004,
116,total_time,263692.031,
117,round.0.load,1048576,
117,round.0.load_balancing_time,2.622509,
117,round.0.advection_time,34023.2812,
117,round.0.communication_time,58833.5742,
117,round.0.time,92859.5078,
117,round.1.load,86,
117,round.1.load_balancing_time,57.0569801,
117,round.1.advection_time,26972.6445,
117,round.1.communication_time,85385.3828,
117,round.1.time,112415.125,
117,round.2.load,0,
117,round.2.load_balancing_time,1.83708405,
117,round.2.advection_time,127.483879,
117,round.2.communication_time,57500.3438,
117,round.2.time,57629.6992,
117,round.3.load,0,
117,round.3.load_balancing_time,0.141455993,
117,round.3.advection_time,0.0426380001,
117,round.3.communication_time,668.133911,
117,round.3.time,668.348206,
117,round.4.load,0,
117,round.4.load_balancing_time,0.0602229983,
117,round.4.advection_time,0.00390299992,
117,round.4.communication_time,119.039589,
117,round.4.time,119.105927,
117,round.5.load,0,
117,round.5.load_balancing_time,0.0326439999,
117,round.5.advection_time,0.00143399998,
117,round.5.communication_time,0.183427006,
117,round.5.time,0.219328001,
117,total_time,263692.094,
118,round.0.load,1048576,
118,round.0.load_balancing_time,2.60473394,
118,round.0.advection_time,33890.8125,
118,round.0.communication_time,58966.0625,
118,round.0.time,92859.5,
118,round.1.load,7,
118,round.1.load_balancing_time,16.7467918,
118,round.1.advection_time,2819.38696,
118,round.1.communication_time,109578.891,
118,round.1.time,112415.055,
118,round.2.load,0,
118,round.2.load_balancing_time,0.144637004,
118,round.2.advection_time,0.0786669999,
118,round.2.communication_time,57629.4023,
118,round.2.time,57629.6484,
118,round.3.load,0,
118,round.3.load_balancing_time,0.195678994,
118,round.3.advection_time,0.00466600014,
118,round.3.communication_time,668.213623,
118,round.3.time,668.419434,
118,round.4.load,0,
118,round.4.load_balancing_time,0.0596279986,
118,round.4.advection_time,0.00246100011,
118,round.4.communication_time,119.032417,
118,round.4.time,119.096672,
118,round.5.load,0,
118,round.5.load_balancing_time,0.147801995,
118,round.5.advection_time,0.00148600002,
118,round.5.communication_time,0.0690639988,
118,round.5.time,0.220174998,
118,total_time,263692,
119,round.0.load,1048576,
119,round.0.load_balancing_time,2.61701393,
119,round.0.advection_time,43158.3008,
119,round.0.communication_time,49698.5898,
119,round.0.time,92859.5547,
119,round.1.load,0,
119,round.1.load_balancing_time,13.1246185,
119,round.1.advection_time,6523.50928,
119,round.1.communication_time,105878.406,
119,round.1.time,112415.078,
119,round.2.load,0,
119,round.2.load_balancing_time,0.123437002,
119,round.2.advection_time,0.0619180016,
119,round.2.communication_time,57629.457,
119,round.2.time,57629.6875,
119,round.3.load,0,
119,round.3.load_balancing_time,0.122364998,
119,round.3.advection_time,0.0104839997,
119,round.3.communication_time,668.173218,
119,round.3.time,668.324097,
119,round.4.load,0,
119,round.4.load_balancing_time,0.0635609999,
119,round.4.advection_time,0.00347199989,
119,round.4.communication_time,119.046539,
119,round.4.time,119.117775,
119,round.5.load,0,
119,round.5.load_balancing_time,0.157821998,
119,round.5.advection_time,0.00129799999,
119,round.5.communication_time,0.0588699989,
119,round.5.time,0.219531,
119,total_time,263692.094,
120,round.0.load,1048576,
120,round.0.load_balancing_time,2.556458,
120,round.0.advection_time,39632.3281,
120,round.0.communication_time,53224.5469,
120,round.0.time,92859.4609,
120,round.1.load,205861,
120,round.1.load_balancing_time,63.1788902,
120,round.1.advection_time,5996.11035,
120,round.1.communication_time,106355.734,
120,round.1.time,112415.062,
120,round.2.load,0,
120,round.2.load_balancing_time,8.21970177,
120,round.2.advection_time,0.0524079986,
120,round.2.communication_time,57621.3672,
120,round.2.time,57629.6562,
120,round.3.load,0,
120,round.3.load_balancing_time,0.228713006,
120,round.3.advection_time,0.00392000005,
120,round.3.communication_time,668.206543,
120,round.3.time,668.44574,
120,round.4.load,0,
120,round.4.load_balancing_time,0.0751269981,
120,round.4.advection_time,0.00387499994,
120,round.4.communication_time,119.041206,
120,round.4.time,119.122452,
120,round.5.load,0,
120,round.5.load_balancing_time,0.0320929997,
120,round.5.advection_time,0.00123699999,
120,round.5.communication_time,0.184263006,
120,round.5.time,0.219356999,
120,total_time,263692.031,
121,round.0.load,1048576,
121,round.0.load_balancing_time,2.68256497,
121,round.0.advection_time,33935.3203,
121,round.0.communication_time,58921.4844,
121,round.0.time,92859.5078,
121,round.1.load,9,
121,round.1.load_balancing_time,24.3180847,
121,round.1.advection_time,9032.38184,
121,round.1.communication_time,103358.344,
121,round.1.time,112415.086,
121,round.2.load,0,
121,round.2.load_balancing_time,0.149479002,
121,round.2.advection_time,0.0878079981,
121,round.2.communication_time,57629.3672,
121,round.2.time,57629.6484,
121,round.3.load,0,
121,round.3.load_balancing_time,0.176642001,
121,round.3.advection_time,0.0124669997,
121,round.3.communication_time,668.167053,
121,round.3.time,668.377014,
121,round.4.load,0,
121,round.4.load_balancing_time,0.0835020021,
121,round.4.advection_time,0.00260700006,
121,round.4.communication_time,119.027786,
121,round.4.time,119.117203,
121,round.5.load,0,
121,round.5.load_balancing_time,0.146985993,
121,round.5.advection_time,0.001514,
121,round.5.communication_time,0.0693759993,
121,round.5.time,0.219687,
121,total_time,263692.031,
122,round.0.load,1048576,
122,round.0.load_balancing_time,2.56463408,
122,round.0.advection_time,32981.1562,
122,round.0.communication_time,59875.8164,
122,round.0.time,92859.5703,
122,round.1.load,21,
122,round.1.load_balancing_time,0.169043005,
122,round.1.advection_time,0.0107410001,
122,round.1.communication_time,112414.781,
122,round.1.time,112414.984,
122,round.2.load,0,
122,round.2.load_balancing_time,0.162024006,
122,round.2.advection_time,0.015505,
122,round.2.communication_time,57629.4727,
122,round.2.time,57629.6758,
122,round.3.load,0,
122,round.3.load_balancing_time,0.179434001,
122,round.3.advection_time,0.0135749998,
122,round.3.communication_time,668.237244,
122,round.3.time,668.440247,
122,round.4.load,0,
122,round.4.load_balancing_time,0.0433339998,
122,round.4.advection_time,0.00568399997,
122,round.4.communication_time,119.020782,
122,round.4.time,119.07428,
122,round.5.load,0,
122,round.5.load_balancing_time,0.163669005,
122,round.5.advection_time,0.00171400001,
122,round.5.communication_time,0.0522359982,
122,round.5.time,0.219419003,
122,total_time,263692.031,
123,round.0.load,1048576,
123,round.0.load_balancing_time,2.59228897,
123,round.0.advection_time,40543.3203,
123,round.0.communication_time,52313.582,
123,round.0.time,92859.5234,
123,round.1.load,0,
123,round.1.load_balancing_time,0.220430002,
123,round.1.advection_time,0.00457799993,
123,round.1.communication_time,112414.797,
123,round.1.time,112415.047,
123,round.2.load,0,
123,round.2.load_balancing_time,0.162367001,
123,round.2.advection_time,0.0104780002,
123,round.2.communication_time,57629.4844,
123,round.2.time,57629.6875,
123,round.3.load,0,
123,round.3.load_balancing_time,0.162715003,
123,round.3.advection_time,0.00614099996,
123,round.3.communication_time,668.167114,
123,round.3.time,668.369629,
123,round.4.load,0,
123,round.4.load_balancing_time,0.0785060003,
123,round.4.advection_time,0.0021879999,
123,round.4.communication_time,119.056366,
123,round.4.time,119.169838,
123,round.5.load,0,
123,round.5.load_balancing_time,0.0866890028,
123,round.5.advection_time,0.00634999992,
123,round.5.communication_time,0.0466950014,
123,round.5.time,0.143787995,
123,total_time,263692.031,
124,round.0.load,1048576,
124,round.0.load_balancing_time,2.54537892,
124,round.0.advection_time,42702.8281,
124,round.0.communication_time,50154.0781,
124,round.0.time,92859.4844,
124,round.1.load,164485,
124,round.1.load_balancing_time,13.5686932,
124,round.1.advection_time,5174.58008,
124,round.1.communication_time,107226.805,
124,round.1.time,112414.977,
124,round.2.load,0,
124,round.2.load_balancing_time,0.250889003,
124,round.2.advection_time,0.0154520003,
124,round.2.communication_time,57629.4648,
124,round.2.time,57629.7539,
124,round.3.load,0,
124,round.3.load_balancing_time,0.189288005,
124,round.3.advection_time,0.0145020001,
124,round.3.communication_time,668.20459,
124,round.3.time,668.419922,
124,round.4.load,0,
124,round.4.load_balancing_time,0.0365700014,
124,round.4.advection_time,0.00286599994,
124,round.4.communication_time,119.049133,
124,round.4.time,119.095131,
124,round.5.load,0,
124,round.5.load_balancing_time,0.0237600002,
124,round.5.advection_time,0.00118300004,
124,round.5.communication_time,0.187444001,
124,round.5.time,0.214375004,
124,total_time,263692,
125,round.0.load,1048576,
125,round.0.load_balancing_time,2.56716299,
125,round.0.advection_time,40210.7578,
125,round.0.communication_time,52646.1914,
125,round.0.time,92859.5469,
125,round.1.load,0,
125,round.1.load_balancing_time,11.7882214,
125,round.1.advection_time,2339.57959,
125,round.1.communication_time,110063.68,
125,round.1.time,112415.094,
125,round.2.load,0,
125,round.2.load_balancing_time,0.144320995,
125,round.2.advection_time,0.072048001,
125,round.2.communication_time,57629.4219,
125,round.2.time,57629.6719,
125,round.3.load,0,
125,round.3.load_balancing_time,0.130608007,
125,round.3.advection_time,0.00835299958,
125,round.3.communication_time,668.199402,
125,round.3.time,668.360229,
125,round.4.load,0,
125,round.4.load_balancing_time,0.0555189997,
125,round.4.advection_time,0.00234599994,
125,round.4.communication_time,119.047005,
125,round.4.time,119.109619,
125,round.5.load,0,
125,round.5.load_balancing_time,0.0285839997,
125,round.5.advection_time,0.00134399999,
125,round.5.communication_time,0.187252,
125,round.5.time,0.219416007,
125,total_time,263692.094,
126,round.0.load,1048576,
126,round.0.load_balancing_time,2.45255899,
126,round.0.advection_time,40327.0977,
126,round.0.communication_time,52529.9297,
126,round.0.time,92859.5156,
126,round.1.load,0,
126,round.1.load_balancing_time,0.203134999,
126,round.1.advection_time,0.914430022,
126,round.1.communication_time,112413.898,
126,round.1.time,112415.031,
126,round.2.load,0,
126,round.2.load_balancing_time,0.195721,
126,round.2.advection_time,0.0057140002,
126,round.2.communication_time,57629.4609,
126,round.2.time,57629.6758,
126,round.3.load,0,
126,round.3.load_balancing_time,0.200146005,
126,round.3.advection_time,0.00536399987,
126,round.3.communication_time,668.239197,
126,round.3.time,668.449158,
126,round.4.load,0,
126,round.4.load_balancing_time,0.0513009988,
126,round.4.advection_time,0.00405600015,
126,round.4.communication_time,119.037369,
126,round.4.time,119.094933,
126,round.5.load,0,
126,round.5.load_balancing_time,0.143279001,
126,round.5.advection_time,0.00124000001,
126,round.5.communication_time,0.0732500032,
126,round.5.time,0.219502002,
126,total_time,263692.031,
127,round.0.load,1048576,
127,round.0.load_balancing_time,2.52187204,
127,round.0.advection_time,42339.832,
127,round.0.communication_time,50517.1875,
127,round.0.time,92859.5781,
127,round.1.load,0,
127,round.1.load_balancing_time,0.111206003,
127,round.1.advection_time,0.0130820004,
127,round.1.communication_time,112414.883,
127,round.1.time,112415.047,
127,round.2.load,0,
127,round.2.load_balancing_time,0.0997579992,
127,round.2.advection_time,0.0102209998,
127,round.2.communication_time,57629.5352,
127,round.2.time,57629.6758,
127,round.3.load,0,
127,round.3.load_balancing_time,0.111644,
127,round.3.advection_time,0.00950200018,
127,round.3.communication_time,668.172607,
127,round.3.time,668.331604,
127,round.4.load,0,
127,round.4.load_balancing_time,0.0674540028,
127,round.4.advection_time,0.0020659999,
127,round.4.communication_time,119.050995,
127,round.4.time,119.122353,
127,round.5.load,0,
127,round.5.load_balancing_time,0.159168005,
127,round.5.advection_time,0.00112200005,
127,round.5.communication_time,0.0572430007,
127,round.5.time,0.219584003,
127,total_time,263692.062,
